41:- 1015

ἶ5-ιςο1101-1ῖο1155555 0 5110 ploiek} 1111 mi 011105 xiim timluw
I< 55115550 10101051 a 5111051 1 achani 151 15151050 [1111015111
101 ι1·;ι1,·10’50 soniam} 5151151051. Za 1011 10500 mm Put-
sk‘rlhf» 10 pm& 011051 1110511515 nm Pmskemu 11050. 1101 1505
11111 dra 11150010 11501051 11015050 pha 10 11015 1505101150.
11155150 k 111511 kostel: 01011110 ,1111511110 τ 1105115 1515111)ιή-
0115 1015101 5110551511 11011101 pn 0111115 mni 10 jen< 515150,
10 11 110500το5011 k 11151151 10110 mm 50111 11111 pachalem
15111151 1111. 5011011100 110515 511115 15105 15515110155 1 15150-
5115115010 10 1501111. 11511111. vnit 05111111 11011111τὲ0. na 1051 usu·
nuli. 011 pii 11 1011011015 mm& po 150151 105 111 1110 01100
1115150 010το51 011015 na 15110 051 na 515010. 01 0101151051 1011
1001051501 5011011 1111115150 a 1111111101150 051 110150 10110 10
1511150 po 1115111οε1 5010110. 010105 plac. 0111 bete 110015 50110101
5111115115 11501500. 155501· 1 1151011 101015105110111011015151115151
10111110 1051115115 10050111 110011 lidi 100100,Ι 1011110 110111 10101151.
15111· 11110151 01101111 0 1011111 5101111. 5050115111. Dmke'. 10101
11111101 1105501, 5111151511ου1110511010 1101011010, 11051011 sobi& Do-
1011 50510100. 11110505 0 1101000151 01151. duom 50 51511111 50150505
10500 50115 Ρ10101050 ι 11051115 511010 Ρ10101115. 110 50 1100111015
po 10101500, [101011 1015001011 po 1015150ιί (1111011 110ιό. 115115
5015101105 051015 5001011010 11001051 0 111 10150 111 115050105150
501111 10110100 (11110 010 5151 1050 11050501150 101101,Ι 01 Ηο5010
11015 11011110 0 111151111505101111 1011010 jistou summu. 10111 1115
ι’ 11511105 101101 001015 150010 Ρ1010110110 v 810115 151511· Ρι5101ιέι5
10 v 00110 1110 0151011510 0 101111, 010 10 ι 10511 1055 101 011151
mezi 11151 105051111010 11055010 0111151010 Hynce 101101011
10511 111101. 1101015 10151 1501 0 10101100 0011010 10 sklepu pod 10151
0 5011001011· 501 50111 v 1010 50 1100111015 s 110150 01511 vni 511»
1051511 k 11051155 511015 Praiskemu 51101010, proto} 111 15051 11111101
1105501 10110 5115111515 ,11051110 151010 Ρ1010111110 01010151, 5105101110
11510501 1111101010 domu toho 051010 5051011055 81011110 15150
11010111110511510 ourok 10151, 101101 1011011511051 1105110115 1001105
1011051111050111011 101511101111011151, 5111151 1110 1055515015οι1
0 50110105, 511111 panem purgkmistrem‚ 1151 11051150 151010 Ρ101011010.
’ 10110110 1101150011 0100101105 00111111, 1111101 domu 50151, 11051111

 

