42ss 1000.

1111110 11010111 110111, 10101 0011 nam 111110 1111101110 1111110011110001-

111110 11001111 purgkmistr a 10111010, 010111 01100111 1110010 0110010·
11110 11111010 1101011110, 1111111 11011 111111, mezi 11111111 stat-ky a 1111010111
0111111 010 0011111111 1111111, 110111 00 na 1000 1111011 11011101 111011
0 1011011 postoupili3 11010110 1101111111 010 jsme 1111110110110 1111110011
do 1001011011 01001010 1000 00111111101011011 00110 1101101011ιί 101111
111111 pak na 0001101011 11100111 jmenovany'ch purgkmistra 0 1011101
11101 1101110 mesta Ρ1010101001101110111010111 jich 101110 0010010111,
10110110 1101 proto, 0110111111 11111 10 11111110 11111 11110 1101 01101011
11101111, (10110111 1111011011 11111 1011011111 na 1000 1711011 11011111 1101111ὶί1011
0111 01110 jim 111 01101 1111011111 11110011 0 11111011 11011 01001011
1 jejich 1111111110 0 1111111ηέ1111 k 111 01101111101110111111111 10110111·
11001111110111101111110 11010111 0 1101111111 101111101οι11, 11011111 1101111110
1101111111, 111001 1111010100 1ὒο0111011 0010111100111111011 1101101 11111101
1111101110 0 011110011111101110; 1101 110 1011 01110011, 0111 11101100 0 (111110
1011 1011011 0 010 1101111011, 0111 1111111111011010111016 11010110 1111010
1101011110, 111111111111111101101, maji 0 1101111111 11111101111011111101101 easy
gardianovi 0 1110111111 do 11101010 01011110 10111110 1 81011111 1111011
Ρ101010111, 010111110111111101101111, k jich 1001111111 1101101111 1111111110
10111 11101100111011110111011100111011 0 11011011111111011101101111111. 1111111·
1111111 1 11111100011111, 111 10111110 10111 110001 101111011101 ὒο01101111·
11111011, 1101 1011101101 01101111 0111101110011 1011111111 1 nich 10110110
101101 1111 &asu 01010110 J 111 0 1111111011 [10101101 1111 01011111 Ηο110, 1101110110
110 01011110 ,1111 1101111111 [11111111011011 1101111011, 1001111011 kdy 11011110
10111 10110 1110111 11111 11011011 neb 11111 1100111111,101100100101101111 111111
1000 1 11100 11011 0100011011 10101 0011 1101110110111111011010110101·
,1011- 00111110 sebe i 10 010 1111110101, 10 00110111 0001111111 0 1101111011
1101110 1011010 11010110 1101110111 0 11011110111111111 11110110111111100011111
10110111 1111111111 1010 1110111 01101011 01111111, 1111001111110101010111
011111 10110011. 1011111 110 0111101111 110101 11011 11101111 1 110111 1010111111·
110111 101110 1011111011. 11111 na 1110111 11010111Ρ101011111 11111101 po
01011 Lucii 1111100111101010111 ‘syna 11011110 1101011011111010110 11011001·
who 00101110, 01001011101111010111 11011011111111011110 00011100111111110,
1110011110 0110010 1101110 a 101110 11110110 10110.
1011111011. 1011· 0110101 1 1101111110
1000111111 Slik 1110111. 1011101· 1111111010.

 

