1111. 139

111111 111111111111111111, 1111111111 anob 1111111 koli 11111111

1111111111 1111111111 11111 by 111111, 1111111 1111111Β1111111111 11
11111, 1111 1111111 11111, 1111111111 1111111111111111111111111 111111
v 1111111 mammo 1111 11111111 111111111111111111 111-
11111 11111111 odtud 1111 do 1111111 11111 111 11111111111111111111111
1111111 (11111111 1 1111 do 111 11111 111 1111111111 11111111 11111
1111111 1 1111111111 111111 1111111 1111111111 1111 hyla. Ι 11111 1 1111
111 nich 11111111, 11 11111111111111 11111 1111111111111111111111
11111111 1111111111 11111111 k 111111 1111 11 111111111-
111111111 111 111 1111111111 1111111111111 11111 1111111111 111,
111111 1111111111 1111111111 11111111 11111, 111 11 1111111111 111-
111111 1111111111 111111, 111111 111 Ρ1111111111111111, 1111111111
11111 11111111 1 1111111 11111111 11 11111111, 111 1111111 1 11111111
1111111, 1111111111 1111111 1111111111 1111111111111111111111111 1111-
1111111 1111111111 11111111 111111. 1111111111 my 1111111111111 11111
11111111, 111111111111111111 1111, 111111 1111111 11111111111111111, 1111111
111 11111, 11 tu 1111111111 1111111111 111111 1111111111 11111111, 11111
1 obyvateluov se 1111111. 111111 1 11111111 1111111111, 11111111 111111
111111, 11111 11111111111111, 11111111111111111111111 111111111111,
11111111 1 111111 1 1111111 11111111111111 1111111111 1111 111111111
1111111 1 111111 listu 1111 11111111 1111111111 1111111, 1111111
111111 1111111, 111111 11111111 1111, 111 byti 1111111111, 11 111111-
1111111111, aby v 11111111 1111111111 1111 1111111111 11111111Ρ111111111
11111111 hyla, 111 aby 11111 111111111111 11111 1111111 11111 1111-
bodny' 111 111111 111111111111111111111 11 11111111 1111111 1111111,
1111 11111111, kdyby zhuory doluov 1111111, 11111111 1111111. 111
1111111 1 11111111, aby 11 1111111111 1111111111 1 1111111111111111
1111111 11111 hylo. 11111 111111, 11111111111111111 pokutami 1111
11111111 1111111111, aby 11 111111 111, 111111 1111111111 &asu
1111111111111111111111111111, 1111111 1111111, 1111111 11111, 1111111
11111111111111111111 11111 111 ’1111111 1111111 111111, neb my 11
11111 11111111111111 1 (11111111 1 (11111111 1111111111 1111111111, 11111111
11111 1111111111,1111111111111111 1111111111111Η111111,11’11111111,
1 Ζ111111, 11 0111111, 1111111111, 1 Β1111111 1 11 1111111111, 11111
111111 1111111111111 1111111 1111111111 111111111111. 11111111 1 Hlu·
11111 1111111111 1 11111111, 11111 1111111 (111111111111111111 11111111

 

