CXXIX

11111 1850 1111111110, aby 1111 11 111 0011101111 11111111111111
1101111011 11111, 1110111111 111111, 11111 11 11111111 magistratu
1111111111 0011111111 11111, 1 aby 0111111111 1111 11110111 1111-
11011111 10 1111111 111011111110 1111011110 111111 Ρ11111110. 1111
11111101110011111111 1111111111 111110111111110 1011111111 1111111111
1011111111 1 11111111 1011111111 10111111110 1011111 patentem
11111111111818 01111111 111111 11111111 1011111 mezi 1110111011111
1111111111 1111111111 &ili 1111011111 1 1001111111, 11101 1 mezi oby-
111111 1101011111 1 0011111111 111 1 Ρ1111.

1011111101111101111111 1111, 111110 1111 111111 111110 1 0111111
0111111111 11111111, 11111111 1111011111 11 111111 0011111111, 1111111
11111011111111111 111110 11111111111111111111 111111111111111. Bylot
guberniahnm 1111111111 11 dne 1. 1111 1849 110111111111111111111
’ 1111111111 11 111 9. Hjna 1854 1214111. 11111111101110, 11 1111111
11110 Praha 11111 1111 1101111110 001 11111 0011111111 1111, 111111

11111101111 11111111 01111 pro 1111110111111 1111111 111111 poli·
1 11101, 11011 1101111110 011110 1111011111111111.

Ν1 101110 1101111111 0111 Ρ1111111, 11101 1 1111111111 0111111111
1111101111 11111111, 111 11 byla 1111111111 1848-1850 11111111, 11-
1111111010 011111 Md 111110 Prahy ze 1111127. 111110 1850 11 85
111. 1111, 1111111 11111 1011111111111011111 11111111110 1111110
vy'boru 1101111 1111101111 1 11101 1011111 1111111 11111111 hyla
1001111111 10111111 1 111111111111 111111 111111111111111111 01111
Ρ111111. 1111111111011110111 11 01101 0111Ρ111111 11111110 11-
101111 fiili, jak 11 01111011 111111111, 11111110 ι101111111111 byli
1111111 r. 18491111101011011111101111 0111101011111, aby 0111
1111111111 111111 1111111111 hyla 11011111. 111111111111010 Ρ111111
011111101111 11111111 11111 11111111 1111111 neb 0011111101 0111111111
1111 11111111 jako obeo 1110111111, 11111111111111111111110 1111111
111011111110921) Ν1111110 1111111110 11111101111110111011 1111111-

11110 110111111110111111 11111110 magistratu nastoupili 1101· 11111111
111νέ1111, 01111111 rada a mayistra‘t, 111111 1111111111 0111011011110111

—-.—--——

³²⁹) Dle 1. 4. 1111 01111111101111011111101111001111111101111111 do 111111
0111Ρ111111 11011111 obnosu dle 0011111 111111 1 1111110111 obou 01111,
i byl 01101 11110 1111111110111111111911011. 1111011111, 101 0111111 11-

1

 

