LIX

11111111, aby se 111111 1111 1111111 1111111811 01111111 1 11111111
1111111 11111111 11 111111111111 111111 1111111111 11111111 11111 1111111,
111111111111111111111111 1111111111 od 1111111 111 1 1111111111, 11
1111111111 11111 1 1111111 11 11111111 11111 1111 11111111 111111,

11111 1111 1111 1111 11111 1111111, 111 11111111 maji 11111 1111111111 .

11111 111111 111111 1 1111111181 Pro 111111 111111111 111111111111
1111111111 1111111 1111111 1111111111 jsou listiny 1 1. 1311 1 1312,

11111111 1111111111, 1111111111111 11111 111111, 11111111 111111 ,

1111111111 jeho sou 11111111, 11111111, 111 1111111111 11111
11111 111111 111111111111111 11111 1111 1111111111 1 1111111111
hy 1111111111 11111111, 111 11111111111 jeho 1111 1111 prava Sta-
* 1111111111 11111111111111111111 1111111111, 11111 1 11111111 1111190)

1111111111 111111 1111111111 1111111 11111111 11 111111111111111111 .

11111111111111 111111 1111111111, 1111111111 1 (1111111111 11 1111111
11111 1111111111 11111 11 11111111 1111111111 1111111111, 11111 11

11111111 1111111111111 11111111117 111111 1111111111 1111111 11111111 ·

svobodnymi.¹⁰¹)
111 samem 1111111 11111 1111111111 111111 11 Meum 111111
Ι 1111111 11111111, 11111111 111111 11111111 111111111111. 1111111
1111011111111 1111111111 1111111111, (1111111111 1111111Ρ11111111. 111-
1111 111111111111 jobo, 1111111111 111 11111111 1111111111 111111
111111 111111111111. 11111111 1111111 11111111111,“ 11 11 11 11111
1111111 1111111111111, 1111111111111111111111 11111111 11111111111. ¹⁹²)
111111 111 11 1111111 1111111111 11 11111111111111111111111111 lide se
1111111111 1111111111111111111111111111, 11111111111111 1111111111
11111111111111111 1111 1111111, 11111 1 11111111111111 1111111 1111
111111111111 1 11111111 111111111111111111111 11111111Μ1111 111111
1111 1111111111. Ρ11111 111111 Vladislav 1 1111111111 1 1. 1107, 1111
111111 1 1111 111111 1 11111 1111111111 1111111, 1111111 1 1111
1111111 1111 11111111 11 jeho 1111111111 11 1111111111 1111111111. ¹⁹³)

.....———-

wffiffiQQQmmm
wfflssamwQawwm

111111ω1

¹⁹¹) Srv. 11111111 1879 111. 318 1116 1 moje „Pravo odamrtn& 111. 21.
Ι’1) 811. Τ111111Ι)11”.11. Prahy IV. 111. 18 151.

Qfflssm

 

