1666. 161 ·

11616161110116 1611116 1661 101111, 16610 161161161611 6 Ρ611116. Κ16111
11101116161111166, 1016161 161 6611111611011116110 sladovny k 116-
1611 11116, 16610 by 1101011 661101610 1116101111, 101616111010 01116
161 11616, 16 by 1011161161110, ot 16111610 1016 1111 11111 1101111 16161.
16111 101616 01116, 16610 11 116661161110, 16111 10111, 161111 od 1610
1111 1111110 11111 61611610 1016 1661 1616161. Τ616110161611 110 11116
1116110 6161 11111116, 161 1161011611610 1016 66611616161. Ρ6111
[101666 11116 11111610 161011 1161 11666 1111111161, 16111101 1611610
1016 gro& 1111111111. 111611110111111166, 1016161 161 6611111 6161 1111
116161101106016, 11111 116161011011 616111, 11616111661011110 16661111
16161611 11110611 161 1161161111 1110111116, u pokutu 616661161011
11010110116 61011 1111 6116111111, 1161610110 116161016610 110116
6166116, 611 1116 66611 1011016 16616 1111101616 6116116 666166116111,
116111 10110 6666111116, byly 1116111611. Ρ10101 11161116116111111161611

11610161116 6661610 166610, Ρ1616161111,11166116116161111 1111161161, “
10110101161111 111111 1161111611 11110161116166610 6661610, rych-
1111111, 1016611111 1 0161611 16161610, Μ6111610 61101610 11661Ρ16161161
1 111111 16611 1161016111 1666111 1011161111, 1111111 61611111, 11611

66 1101116 61610 66 1101011 11101110 (10111611, 6111610111, 116111 111 66
10111110 16661111 1111161111 6 16161611 611611 11110611 616111661611116
1110111111 616106116111116616 11161 166111161616161 1161161161 11616611
1101111 6 1116111, 1 1111611 611 1116111661116161111 1601 1161161 1116111,
1111 6101110111611011 111116101611111 0116611161 166161, 161110 1010
66611 11111111, 166111 11161611 1111111111 6111111611 666111 6 011661611 116-
1101111 11161111 1011611111. 11101 by 66 61161 10111 1110111111, 1 161161111
11011116 1611110611 16616 116101616 11161116. 11010 16 6161101116 116661
1666 1161616 1 10111110 116111 16611111161616, 161116611611Ρ1616 01
161016116 10110110 116161610 11161610 11611610 (616), 1111016111 166161
0661610 1161611611061111161610 66111610.

Perg. kodex 11161111 z 11066111 XV stoleti 1161 1611 1 61611111 11. Prahy.
1161116 11616116 „0 111111 11616 Strany“ 61610161 pravi 66 ,81011616 66 1116116
116111 16 610 1 116616116168116111161111666616 1611661616111 11611611 6 11111611
1166161611 1111161111 6 (1661111 11616111 110111161610.“ - 1111111111 1611011166 6 r. 1457,
1611 druhdy 1616161 1116611 Humpolci 61161666 66 11111616. 1111101666 1110111116
111111 6. 6661161616 66 16611. 11316111611116661166116 61111111 61111111 (intem
,1116161616 01 1161016116 11011610 116161610 6111161610 (616) 11611610, 111616116661111
16616110 1161661610 6 1111161610 66111610.“ Dle let 1610111111 muni 1111

 

