1613.

* 10. 000. ·

1613. 31. 100100. vidais.

01001 11011011 1001010010 primam, 00010101001000101101 i 011 01101 Sta·

00710 001010 Praiske'ho pn‘vileqia 01εᾶ011101 10011110, 0011111101αᾶ maje-

01119 1001010101ὶῆ 10011110 Fordinanda 1., Μο010011000 ΙΙ. a Rudolfa II.
’ 0010011000 hyla.

My Μο110111 z 10110110011001001 11000101 01001, po 0100101 basy
00000011101 1110 0 1111000101, Cesky, 1101001011, 0101011011 010. 1011,
000110110110110000111, margkrabie Μο0000110, 1000010010 0 81000111
10110 0 10110101 margkrabie, 000010010ιο 110110 1101000 01οῐ0, 10 1000
01011 00000 0011 0100101οο 10110110 10110 1100110110 0001101 0010000,
purgkmistr 0 1001011 81011110 0010110 001010 Ρ1010100110, verni 0011 mill,
010101000111, 00011001 0000100110, 1010101 by 01010 10 010101011101
100010000110110110000, 1000 0000001110 000010
0010111, 0000000101 01010101011010011001101, 0001010101 0 1001101101
00 10011101 0 0110111 001001111011 00100000 (10101001 0 000011100000
0101 00 001011011οί 0101101000 0 nad 1101 101010 v tom 11010111 00011000
hylo, 010 10111010 se 011 00110000 00010111101100 0 10110 011110111νο11οο,
abychom 0101100001 001011 0 00100 0100111001 81010100 101010 Ρ10101110,
1010110 10111000 01000 0010 01111, 111 1010001001οὴ 0001101101] 0 010-
robylych 0010011011 11001 81001000 001010 1001010100, 10111 0011010
01011000, z 011011110110110011 0 1111001100011000 0100000 00011110
(1010100101 0 00100101 1 0111100101 01010010 do desk 00100101οὴ101·
10001010010110 1100100110 0100001011 0010111οο 0110100111, 0110110110 10
0011011111, 01001111 0 0011 nimi i 00111100 01110 01100110000001000000
ruku 101011 0000101110111001000110011 form& 0 00101011 0100000011
0011 01001010 10110110 101160011001001111 011111, 1001 100οε 1010101
0 0011001, majestat 010010 1001100010, v 01101 Ρο01001 81000ωὲ0011
00 0001100011 00011010, 101101 datum 00100011 Ρο0101110 v 00001011 po
0001110 Μο1110011 00011010 000001011010 pan& 1011ιο od 00101001 syna
1011110 11οί00100 0111010110 (1101101110 0011001101). Item 00100111 010010
1011100010, 10 Ρο01001 0 1101101010 0111101010111001110011 00110101
0100001010 01100010 1110 0110101101011 11011 1110000011, 101001 datum 00

--—--.—.

ι1 0. 000.

 

