LXV

10111 1111101111, aby 1011111111111111111 1 1111011 011111, hyse
1111111110, 111111 111 11011111] 10111111 1. 1541 111111 1111110, 1111
1011011111101111, 1111 11111111 1011111111· 11111111 1011111111.
11111 011111 10111111 11 1111111111 11111111. 1111111111 1. 11111111

111 r. 1561 mly'n Petriilkovsky 11 81111111, 111111101011111
. 1111111 1111111011 1111111111, 11 1111111 111111 1111111 01111111
1111011, z 11111 by 111111 11 011111 1011111 110111 1111110111,
101011 jim, 111111111111111111 111111, 11111111 111, 11111111
11111111 1111 1111, 1111 1111111110 1111 11 111111 11011111110
11111111111111, 1111111111 11011] 11111111111111111 111 11 111111 na
1111111 1011111101 neb v 1011111 1111111111 111 11 0111111111)
1101111 1111110 1111111 1111111 111110 11111111 11111111, 11101011
1101111 1111111111 1 1111111111111111111 1111110111, 1111011 11111-
1111101110111 1111101 11111 11111111. 111111 10111111 111110 11111
1111110 101111 1111111 1111101111 8111111111 1111101111 1 tom
11111111 11111 11111111 11011101111111111111111111111 1111111
1110111 ve 111111 111 0111111, 101011111111 ¹se 11111111 1111111111,
“ 11111111 1111011110 101010111011111111111 111111 1111101 1111

κ-

.’- 1’111111 1111111111 11101110 111110 1 111111111110 11. 11111111 list E 11 111-

,. 1111 1111111 1111 1111111111 11111111111111111, 11111110111111111111111

., 111111011111, 1111111 11111111111111,110111·01111 1 placem 111 1111111111,

J 111111 1111111111 mlejnem 11111110 tu 11101101011111111011 1111111011

Ι 11101 111111 101 mlejnem 11 k 1111111 11111111 101011, 1 1111111 011111, 11111
1111 jest 11 k jezu 110101111111111, 1111111 1111111111111111111111 11 111
111 111 11 10 11110101111111111,1111111 1111111111 1111111 1 1111111, aby
011111 111111 111111 11111111 1111, 1111111 1111111, 1111 101111 110111 1111111
1111 jich jim 1111 111111101111011 11111110 1111 111 111 01 1111110 10-
1110 111110; 111 1111111101 11111111111111111 1101011111111, 1111111
1101 11111111111111111110111; 111 111 1111111111 11101 1111111 1111111
1111111 1011111 11111111 1110 11111111 1110111 1010, 1111111 11 k 111111
1111111111 1111111111 1111011111 111111, 111 011111 111111οῇ1111, 1111
11111 101 1010 01 1111111111 1 11111111111111111 111 111111 11110111-
111111111111 01 111111 11111111111111111 1111111Ρ111111111111 1111111111 111
byl, 1111111 1111 11111 11011 1 111111 11111111 11111111 1111111111,
1111111111 1111 1111 11111110 mesta Ρ111111110.“ (Archiv 111111 1³th
li‘stina 1. 13). ’

²⁰³) 811214.

 

