521 1666.

116131 16116616 61 1161616 13 6661 3111361, 6111613 36 3616 666
61661111 66616611 6661 616161, 613 6116166361, 3111116661 166 116113,
1161 by 6611616 666116 11661666 3611 pak 16116 666111666666161,
6666 k 66166 6166166 66166166 3616116 16661666 6 663 116161 6 66
613 66161666 66661666 61 11661666 663616661 1661611661 3161 166·
placem 0d 6616 6113111, 1616 1116, 116131 66 66 3113611661 36 166611,
ped 66116136 6661361616 6 66 616166611 31661, 6166 31661 31661-1113
1616161666 a 61161 36 611116, 161611 by 66 6661661613, 361111, 613
36 61616616 hlavnl 6616613 1 61161666 161116166116 631661661 111616
1161161666 6331161111 66616666 131. Τ611616, 11313116 6 1116616616
66116 6136636 3161661616 6 6161661 36166 6666 666 66666666 616-
661611 161 666613 66 3613616116 16666616] 661 66 6161366666116
6366616 6 k 61616116 1661616, 16113 613 161 3616611616 666 6161611
66131 66616666 166 66666, 666 1316666666616661666661316, (616616
vtem 6661 66661636316) 63166611. Dacia, 6136616161 1116 6 61661661
Ρ16161361 1 31616 61161666161 11661616 613663161 handle, 6161613
6111666611 666 6163166661 6 61616666166611361361 1666611366 6 11116-
61361 61611 66 16113 6 6613, 161 166161116 1661166361, 11616 13 61
666 6166166166 6666661663 661313, 66616166 66613 61666661611 166111
161 16161116631666163161666 6 3616116116, 1611616163, 61111, masa,
6166 ped 61166 6666113616 3166 6661, 1 pro 316161661616611613636
travy 61663666, 6131661 do 61661Ρ16161361 6 316661, 1161 13 1311611,
16666666 3111661611, 36 3116166611 6616 6611616 6 1361116661, 661 13 66
3116 611616, 6666 666 616661 6 1161666161 1661616 316616 16161631
6 6316661661 61661611 66166166 66616 166 61616113 6116161 66163

361111 166111. Dasea, 6131116 66161161 611616661616661661 131163161
1666166113 6 1616661161 3161 66116 privilegil 6 6116166661, 3161 61
61666361 6 6661361 31616611 6166116 1111661361 6116116 (16613611 3166
3116 166361, 66161666166631 kralovstvl 1661661 (66366666 61113
6 66166 6161663 16616 6311616613 61616 616166611, 636161 6 mesech

Ρ16161361 pli ulieleh 1116661361616161661 6116111361 6 3161 63616
166361, 1611 66613 31616 6166616611, 6661661661 6666616161 66 paa-
6161611 6 31661661 666161 handle 6 6161613 1663661661 636 6666361
611616666166611, 61616666, 1161 13 16116 66 3111616611 1161361 6661
6616616 1116 61 6161616666 1366161616 pli 316361666166136116
136616 613616611, 613 16161661 61161661 161 361616, lale 3116613166

 

