1111. 219

0111111111 1 1111011111 1101116110 111 1111 1 111011111110111101111

1 jiny'ch 1111111101110111 (101011 11111111 1101011011 1111011101, 111- ·

1111011, 011011101111111011111 1011111101, 1011111111οο a 1011111110,
1111 ty i 1100111 1101 111111 10101011 1111111111111110111 (101111 111111-
10111111101111, 11111011 1111 1101111, 11111 1 01)(111011110010111111010-
111111 1110111111] 1111 [1111111111. Ρ11611 11111Νο1011111111111 1011011111Ζο
0111011 1111 11111111111011 111111011111101110111011100111), 0111011011 1111
111 11111111 11111 1 1111111111101111, 111111 (10 Ρ11111 111011 11110111 111-
1011011, 111011101111111011111110111 111101101011101111111111 111111111ῑὲ
1111111. Proto} 1111111111 11011111 011011 10111111116101101011111

1110110 10111011 1 11110111 11101111 11011111( 0111101011 1101711111, 111 ’
10111 11111101111111010110111, 11 11110111 101110111111. Pakliby ktlo
111111 1110011 11111111 10 11111, 111011110111111 1111111111 1 1111011111
nabebo Ceskcssho v 1111111 1011111, 111111 11111011 11111110111111101010111,
1111 10 0110111101 0111111111 1111111111. 111 1111011 1101101110110 1110
1111111101111011 111111 0111111111 11111111 1111111 1110 11011111. Dan
1Β111 111111 11011110 11110110 1111111110 1111111110 11111110, den 10111
1111100 10110101, 1111011111 1111011 letha [1101111110 1110111110, 11111-
1111110 101111011011111110, 1101116110 1111111011110 1 0111111111 1111111110.

11111111 1111110111Νο1011111111110111Χ11. 1101011 1. 331 list 148 1 11011111 m. Ι

Ρ11111. Ζ11111 11111101( ,11011111110111011111010 1011011011.“ - List 101 10111111
11111111 1101111111 dle apologie 1111111 z r. 11118 11110111 1110111111 (10111111 111 111. 1111 ;
11111111 111101111οε ¹) 11111101, 11111111 01101110 111111Ρ11111111110. ¹) 1 1111111
1111111111 1011 011011 1111101101, 11111 1101111 1011101111011111101111, 1 1111111111
1111011011 10111111. ⁸) 011111 111111 1110110111110. ⁴) 10 11111111 111111Ρ111111611.
51 1111 11111010 111111 1101111111 1101011111 1111111011111111 1 1111111 11101011
1111110111111 1111111111 1010110. 1) 1011111111 1111111 1111111011 jsou ztracena. 811.
tei Ρ1111111Ε111.Β111111101111601111. des Hussitenkrieges 11. Bd. str. 440.

(11. 135.

1436. 211. 11110110. 11111111.

(31101811111111 (1110111011πῶ 1111111,111111 Rau, 1111111111, 111οέ1111
a 1111111111 1101011111ὄο111110, v lamam 11 11101110 111100 0 01010111 11011
1101011111 a 11111111 10 oboram Bau'lejuky'm 11111111 ἆνῖετί. 21111111
pak 1111110, ie 1101101 ΞάάηοΊιο &loma cmi 0110 k 11111 1111010111, 0111

 

