732 1111.

1111111111 jim 1111 11111111111111111111 11111111 1 11111111, 1 [tom jim
111111111111111] 1111111 111 &initi (1111111111. Tomu na 1111111111
1111111111 1111111111 111111 1111 1111111111 11111111 11111. Dan v Praze
1111111 [po 1111111111 11111] 111111111111111 syna 11111111 1111111111
’ 111111111111111111111111111 111111111111111111 leta 1111111111.

Orig. 11111111 8111111111111111, 1111 1111111111 1111111111 111. invent„ 111
11. rep. 255. 11111111111111111111111111111 Ρ111111111111111 nise 111111.

11. 111.
1593. 6. 1111111. lirul Prazsky.

(31111 liudolf II. povoluje Maloatramkym, aby 11111111 pfflz‘hodne'm 11111
111111 1111 11111111· a tam 1111111 why proda'vali.

My Rudolf 111, 1111111111 111111 11111111 11111, 111111 1111111
. 1111111111111111111111 a 1111111 1111111 111111 11111111111111111, 1111
1111 11111, 11111 1111111111 11111111, 11111 pro pohodli dvoru 11111
1111111111, 111111 11111111 111111111111111111111 lidi, 1111111 11111
11 (111111111111 1 1111111111] 11111 1111111111, 1111111111, (11111111
11111111111111 111111 111111 11111111 111111 1111 11111111 1 11111111
1111 1111111111 1111111, 111111111111111111111111 1 1 tom jak 11111
1111,11111111111111111111111 111111, 1111111111111111111 1111111111· .
danosti 11111111, 11111111 1111111111 1111 11111111111111111111
(11111 k tomu 111 1111111111 11111111 11111 1 11111111111 Ρ11111111
11111111 111111 Ρ1111111ο 11 to 1111111111 111 11111111 dati a v 111111
1111111111 11111111 111111. K jejichito pokorny' a 111111 1111111111-
11111111 111111 1 1111111111 1 1111111111 111 111111 1111111111 111111
1111111 11111111111 jiny'eh 1111111111 11111 11111111 1111111111 01111111
by'ti3 [111111 1111111111 1111111111, 111111 1111111 1111111111, 11111111
11111111 1111111 1111111 1 1 111111111 1111 11111111 1 1111111 kral
Cesky' (11111111111111111111111111111111111 1111, 1111 sobe v 11111
1111111, 1111 1 1111111 1111111111 1 1111111111, 11111 nebo 1111111111-
111111, 11111 to 1111111 1 1111111111 1111111111, 1111 1111111111 11111
11111111 111111, [11111111111111 11111 bezo 111111 [11111111 1 1111-
1111111 1111111111 11111111 1111111111 1 1111111111, (11111 111111 do 11111
1111 11111111 1 1111111111, (11111111 1 111111111111111111111111111111111

 

 

