1111. 519

111111 11111 1111111111 jin& 1111 11111111 11111 a 11111 to 1 nim

0 (1111111111 se dopisoval, 1111 11111 11111 1111, 11111 by dluhu 1111 ι

11111111111111111111111 hyl, podle 1111111 11111111 111111 1111111111
jich 111 111111111111111111111111111111 atu 11111 1111111 pondu&
11111111 1 1111111111 svejhradou 11111111 prava 11111111 11111111
111. Ρ1111 by 1111 111111 jich 11111111 111111 1111111111 1111111111
1111 viniti 1111111, tehdy aby jeho pfl 111111 Ρ11111 8111111 111111
1111111111 11111, 11 111111 11111111 1 vejhradou 1111111111111 1111-
1111111 111111111111111 111111 1111 jich 1111111111 1111111111 11·
111111111 a 11111111 proti 1111111111 1111111111. 111111 11 by 111111
1111111111 1111111111 1ο 111111111111111111 111111 111111111 1111111,
111 by proti 11111 1111111111 111111, ahyto 1111 11111111 prave 11111111
1111111111 11111 11111111, 111 1111 11111111111111Ρ11111111111
1 jinde v 1111111111 nahem 6111111, 11111 111111 11111111, 1111111111
11111 11111111 1 111 1111111111 1111111111 1111111111 1 1111111111 pro
dluhy i 1111 11111111111111 1111111111 111111111111111111111111111,
11111 aby 11111 111 1111111 1111111111111111111. 111111111111
1111 111111 111 jin1 v 11111111 11111 1111111111 pro dluhy 111,
11111 1111111111, od 11111111 1111111111 11111111, 1111111 1 11111111111111
1111111)1 11111111, 1 1111 11111111 pro 11111111 1111111111111 11- ·
11111111, 11111111 1111111111 1111111111 az 1111111111 1111111111-
(1111111111, 11111 aby jeden 11111 1111111 dluhu 11111 11 1111111111
11111 podle 11111 a 1111111 1111111111 (1111111 1111111 a 1111111111
11111111 a 1 11111111 11111111 1111111 11111111 111, 11111111 1111111
1 3111111 1111111111 111111, 111111 1111111111 pro 11111111111111
11111111 11111111 (11111 111111111111111. 11111, 11111111 11111111
pfl 11111111 1111111111 1111111111 1111111 1111111, 111 hyse odvo·
111111 1111111111 od 1111111111 1111111111, ,1111111 11111111 111111
(111111111111111111111111 (11111111, 111111 taxy 1111111111 Ρ11111111 1111-
1111 11 11111 111 jako 11111111 1111111111 1111, 111 1 jinych 11111111
11111111111111111111111111. (M, 111 111111 1111Ρ1111111111 vy-
111ᾱῦ11111 jich, 111 11111111 111 1111111111, pod 1111111111 jich
111111111111 jejich 1111111111111111111 111 1111111111, 1111 by
1111111111111 111111 1111111111, 111111 1111111111 11111111 11111-
veni byli 111 1111 1111111 1111111111 (111111 interesse a 1111111111
1111 1 1111111111 111111, 1111111111 11111111 1 1111111 (1111111, 11111111·

 

