LXVII

11111111 1111 11111 111 11 11111111, 11 11 Μ111 111111, 11111
1111111 11111111 1111 111 1 1111111111 111111 111111 1111111 11111
11111 1 1111111111 1111111111111 1111111111 1111111111, 1111111 11
1111111, aby 1111111111 1111111111ῐὲ 1110111111 bud 11111 11
11111111 k 111111 1111111111 11111 1111111 11111111 1111111111 1111111·
1111111111, 111111111111 1 111111111 111111, 1111 11 1111111 111 11111
1111111. K 1111111Μ111111111 11111111111111111 111111111111,Ι 11 ·
11111111 11111111 11111 11111111 11111111 11 1 111111 8111111 111111
111111111111111111 1111Μ1111111111111 1111111111 1111 1111111111 11
111111 1111111111. 0111111111 11 11111111 11111111, 11 r. 1169 11111111 11
11111111Μ111111111111111Ι. 1111111111 1111111, 1 11111 1111111 1111·-
11111 11111111 11111111 1111 1111. [1111111111 k tomu, 1111111111111
ᾖ11111111111111111 1111111111 11111 1111111111,“ 11111 1111 1111111111·
11111 1111111111 1111, 111111, 1111 „ti 111111111111111111111 1111111- .
1111111111 11111 1111111111 111111111111 11111111, 1111111111111111111-
1111 1111111 111111 11111 1111111111, 11111111111111111111111111111
1111111111 11111111111 1111111 1111111111 11111, 111) 1111 111111111-
111111111 1111111 11111111111111.“ A 111111111111, 11 „do 111111 11

11111111, jak 11111 1111 11111, 11111 111111111 1 11 „s 11111111 1111 1111
. 1111111 1111111111 (11111111 11111 11111111, 1111 bran 111111 11111111
, 11111111,“ 1111111111 11 11111, 1111 1111 11111 11111111111111111111 11111·
— 111111111111111111111111 1111111 11111111 11111111 11111111111111111111.
1111111111 1111 tom, 11 Μ1111 111111 Ρ1111111, 111111 1111111 1111 „jako
ᾗ. 1111110111 1111111 11111 1111111α 1 ,11111111 11111 11111111 11

2: -sb—

11111111 11111111 1111111 11 11111111 1 111111 11111 nova 1111111111111111
1111111111 (11111111119011 111111 1111111111111111111111111111. Τ111
r. 1116 1111111111 1111111 11111111111111111111111 1 Μ111111111 1111111111

· . 1111111111. 11111111111111111111111111111111111111101111111Ρ1111-

111111 11111111 111 11111111 1111 1111111111 11111111 111111 1 11111111 111111
., ,1 11. 1111 1 011111 1111111111 11 privilegia z r. 1361 (Sb. 17911111111111-
1111 miti mohli 1111 1111111 111 11111 1111 1111111111 1 11111111 opat
, 81111111111111111 1111111111 111111 1111111111 1. 11 Vidni v 111 11. 11111111
; 1. 1111 11111111 111111 1111111111, 111111 111111111111111111111111 11 pravo,

· 1 11111111111111111111111111111111111111111111,111111111111111111111111

*g . pn'vilegiim 111111 Κ1111 1111111111 1111111.“
e*

 

