LXXII

1 Ε111111111111, 1111 111 111111111111111 11111111111111 111111 11111111
1111111 11111111111111111 111111111111111 ke 111111 0 1111111111 jich
1111111. Tak se 11111 11111. 8111111 1111111111 (11111111 (111 111111
Ρ1·111111, 1111 11111 1111111111, 1111111111 111111111111111111111111, opat
8111111111, 11111111111111Β111 111111 111111, 11111111· 11. 1111 11 1111111
Ρ111111111 1 11111111 11. Το11111, 1 11111111 1111111111 (111111 111111 od
komory 111111. Ζ1111111 11111 111111 11111111111111111111111111.
11111111 fade 11111111 811111111111 1111111111, 1111 1111111111 111111,
11111111111111111 prodeje soli 11111111 1111111 se 11111111111111,
11111111 (1111111 111111 11111 1111111111 1 pod jurisdikci Staromkstskou
11111111, aby 18111111 dom& 11 11111111 1111111 111111 11111 1111811111-
11111111 1111111 111111111111 111. Β1111 11111111 111111, 1111111, 11-
11111111 11111111 11111 1 111111111111 je 11111 11111111 1111111111. 111111-
11111111111111111111 1111111111 11111 jako 11 1111111 11111111, 111111
11 11111111 jich bran, 111111 Mala 111111 11111 1111111111 1111111111
111111 11111111 81111111111111 111111111 od 81111111 111111 11111 jako
od matky 11111111, 11111111 111111 111 11111111. Kdyby 1111111111
1111111 musily 11111 1111111111, 1111111 111111 111111 1111111 1111-
11111 (11111 11111ἒ111111111 1Η111111 181111 111111, 111111 11111 1111111111
11111111 1111111, 1111111111 ani 1111111Μ111 strany, 11111111 11111111
11111 tou 111111 11111111, 11111 mu 1111111111, 111 111111 1 1111111111
11111111 11111111 (1111111111. 1111111111111 1111111111 policia ve 111111
11111111111111111 1111111111 1 proti 11111111 1111111 1111111111 1111111111
111111 11 strahow 11111111, 11111111 by 111111 (1111111111111111111111-
jiti. Ζ1111111 11111 pry' 111111, 11111111 11 1111111 11111111111111111
je 1111111, 1111111111 11111 11 11111111 1111111111 111111111111

Ι 11111, (11111, 11111111, 1111111111111 11111111111111111. Proto

11111 1111111 1 1111, 111111811111111 111111 ode 111111 111111111111-
1111, 1111 jez 11111111, 1111 1111111 1 (sas 111111 1111111111 jejl do 1ο-
111111 1111111111 111111111; 11111 1111111111 jieh 11111111 11111111 1 81111111
111111111111111, 1111111 11111111111111111 1111 11 1111111111 111111
111111111111111111 1 1 11111111 1111111111 1 1111111111. ὶ1111111111111,
’ 1111111111 „cruda et absurda petita“ byla 1111111111 1 Malostransky'm
se 1111111 11111 1111111. Ρ1111 111111111 1111111111 1111111111 proti
11111111 11 1111111111 1111111· 1111 11111, 11111111, 11 111111 111111 11
(1111111111 111111 1111111; 1111111111111111111 11111 11 111111, 1111 111111·

 

