1010. 345

10110 1101111110 0 0111010100 1110111111110101 0 001111010110101010, 01001 ·
0001 1001010101 1 10011001, 1101001110110111111110100 0101001001110 100-
1010111ιο sami 10 sebe, 10111010101111110, 0100 0010110 0010110111οὴ0,
dedice nabe i 1011011001 10010 (100111, 101110 101, 010 001 0010110111
11011010 00100 11101001 11101, ereb 11111111, 11101 1 11110
110011 10101 1000001011 0011011 11010101111100111110, 10110110 1110110100
0001011 1000001011 0110010110101, 10001 0100110011οο 11010101101101110
1100111100οί 0 01111001 0000110 11011 0101100, 11101 11100111 0110010, 100100,
10010 11011001 0110110100 101, 01010011 1 11011101 nabi 0 0011 10 10 1011

01101101011 1 0 01 1100110111011010001111011 01011 1 01010101 11100111, .

10110110 1101 1101011100111101111101110101000 11100111, 0 01 010111 sku-
10101 1110001011 0 10 010111οᾶ001 100111101 bez 110011101 11011-
111010111 0010100011. Κ1101 0111001Ρ101001 1 1100101010, 100110 01110011
0010 1110 0000110111 0010 11111 11011001 1101111001 11011100111101011, 00
1 010110 001 1111010 0011010111, 010 101100 11010101110011110011100101
0 00111110 1011010010 Ρ10100010 1 110110 11010 10101οο10 1001010111
1100110110 1010 11100101 1011001 0110111 10100 01101010 111010 01001 0001

1001010110 0101100, 1111110101, 1001 11001111, 010100101110110001 0001 , ·

11101010 (been 1100 0110 1100101 den 0010110101 011011 0 nebo 00 000110011
1110010100 1 1011010011, 1101101111 000 10 11001 110111 0 1100110 10001110,
10101011 110 0 1101101 1011001011 1101011 00100100 0 0011000010 10001 111011
’1001010 11010 11010100, 0 11011-11 11100010 11011, 10 10 1011010 11001 110
01101101 00100 1011001 10001 110111. 1101 1110110011-111111111000111011 0001
00011 101011 11011 11011010 10010 111010 01111001 1001011110 00011 1101110
111010 1010011000 1011111011, 110010101010111011111011 0 nebo 11100101 0011110
neb 000111 1 111011 111011 0010, 0 0010 01101111 11111001, 10 1111001
0 1101101110001111111 00111, 111011 1001111011, 01010100001101111010110011011
10011011 10011011 1000101111 0011011011 010101, 1011 10111 111010 101010 11-
00111 0111010 100. Α 1101111 00 Ρ101001 01100 101010 ned 10 01011, 10
11111 1010 0101111 11000 011110101001 11111101 0 ke 1110111 0001 0111100100,
11011 0100010011011 100101101101100, be 10110011 0010 101011 00011 1110 1110-
1100000110 0111 00 0010111011, 10101101101111011000110010 00111, 111-
0100010 1 1100001111 001101 10 1000110100010101001. Νο11 10 0000 1000110
1010 110111 0111111100 0 111110110000110101110111011001001101001 1101100οί100
10001 1111010001 1001010111 1100111110, 011101010001010111110 1 1100110110,
10 111010 0111011111 010110111001000101100 0 1101010 111010 0111101100,

 

