LXXXIV

Shlmlzivali 110111 111011 011011 0111110111 0100111111 (10011011 pmv,
1011111110 1111101111 11011110 111010 111111 [11001111 111111 11111111
litati 0011111110 1101111, 11101101101100101011 unich hyl 011010101111111
„vroh pmva 11010111·01111“. Ηο11111 00 (1110 1010, 1011010111010111111
11011 1111 hyl 11010101 0 011 0010101011 od placem 010 11 110011
1 1 1110111011 8111011101011011, 11110110 810101101111 1010100 1101111011
011110 Ι11111 1111010 11111 1 1111011111 platiti. 61111110011011111110111 00
1110111111 0 1111100 1010111 las 0011111111 proti 1100111111 11001111
11111111 1011110 1011110, 11110111 111011 1101110100 0001101111, 01111-
10111111100 10 1111. 10 „kdyl Ρ11110 1 Jednotl² 111110, 111111 pain 1011110

· 00 011111 0 nl 1101110111.ιι 111111 1111110 010010101101011 10110 1001

0111111111 0101111 1110111011, (10101110110 00 tolio, 1011111 1111111 jim 11110-
01111, 111111 11111 1011111 0110101111. 01001111010 mum pli 1100111
011110111011, pli 011011 01110011 101011011101101111 000 10110 (111011.
Na to 8110110111 10111011 je pled soud zemsky‘, 10 00111 11101111
111110011 10111101 11011 1111111111 01111011 1101111 01011 1110101110 mezi
ι 11111 1 111111 00010111 1101 01110 111001101101011, 1011110 r. 1111111
0110111100 11011011 01101101 1111011001 1111011111. 811011οῐ111
1010110 10111111 se, 10 11011011010111010111 11111011 pled 00111
10110115, 0111110011001111101111011111 111110 mezi 0111110 111011. 111111

·, 001011 01010, 1101011 001 11111111 010110 10111 10 001111 1011011110

11111101, 111011 1101011118.1111111 1109 obl 111010 1111010111 10 11011
1101011111 11 1111111111 0 0110111111, 0 11111 0010011011 111111 1111111
vy‘povld. 11110111101111110111111011111, 01110111 11111011 1010110

Ι 00001101 11 (1010110 1101. kdy 011 10110 11111111 1101101 111110 11110

1111 1111010111ὒο0111110. 111010110110101100111001110111111 1 11011110

. 110 81111110 111011 0101011011110111111111 1110011111111011, 10 po·

(111011 00111110 1101101111, 10 001 0010101011 od placem cla 1111011011
81110ωέ01111 1101111 (10101010 1111011 11111 1101011 111011 1111101.
Naproti 10111 musili upustiti 01111111 Β11101011110111110 1101111111 00.
10 0111111111 110011 010 (111111 111011 1 1101111011 bez placem 11110110
’ (10 81110110 1111111 0101011111. 2101011110 ujedmno 1101111111. 10.
101101110011 11011 111111011111011111111 1111111111 101101 11101001 010-
· 1111111111, 1101111111 1 111101111110111 111010 1111111 1111011 01110
mma. me 00111 1011111 0101101111 pamm 1100111 mmmm
10111 1011101011, 1111 „obl 111010 81011 111011 hyla 1111101 mech

 

