LXXVII

0101001101 01011 81010100 1101010 10701010, 11017 01001 7101171 1010-
01001 1367 tim konec 0710111, 70 077 101010 1 101100 1011100 0700
² spojil, 110101 00701111 1117 0101007010110 0 0100010111 0001000 0701
10100117100000 10110 0100711100 1 7010. 7010010 10 1001 1101110117 10 ¹
71107011 010010 1 710100 r. 1377 1101000937Ι 00707 11010 107010
0010101 (117001 117111, 007 100 01011 1011001011 7010 0100107000 01110107
1070 07117010 00117 00101111 0011701700 17071, 0007 01001 1 700 jer
10010 r. 1372 01010711 0111001010 01. Ηο110, 111107 11107110 70101, 00
7070111 7101 00017011 1101010701011070 ke 1111110110 01010007000734)
7000110οῐ 1707 1 110007 7070 001100101111000111000001 010010 k No·
1000 107010 01000 jeho 1110101 IV. 00101170 1000110 107010 10100010
01117000 00110111, 00717 10171017110110007111, 0101011100 70707 1017010
00 07070110 0 71100011 0011010ιο 107017 70010707 00 111101· 0701101017
Stammkstsky‘ch. 1100101 0010001117 1. 1383 0117111 0701010110 Novo·
01701011010 01010 1171011 010110 0 1011110110, 0017 70 ,0110 11010 010711
81010017οῐ111 010110701101. 1400 0010111, 070 0700 010710 10 17071
0 00701110 00 117 01110100070 neb 7000070 11700 1071101177)
Ζο jeho 70001107 0010101001 0011007001 17011110 00 010101 00-
01111001 1101070 107010 11010 0710110701111101111 0011100011 107011
1 0701 00110 00 Μο10 011007 11001010 00101101000010 111110 0001101
1000 10700110117161 70011 r. 1408, 111107 701 001110007110 7101100
11001111 11100710, 1100010711 0077 Νο1010701111 00 01011 010 01010
0 1001011 18. 701100 110111111 do Ζο777110 00111010 11001010 0 010111
0700010070110011, 07011111 ,11711 je 001011101010 od 011110 0011110-
110010110110, 007 0110111110 od 10001001 107010 ku 001700011010000-
0101011 1101111070 011110, 0111101070 0010711 1170100100 0100100 7110010
ve 110011 170007 od 107010 000010 1101110117. Κ111 1100101 dle 101110
1010010οο dal 0101110010 ,010 1011001110 00101000, 07001000 00001001
0110 101100οΝ01010 107017. 80070007101101 01007 0111100101 01110101,

²²¹ 811. 17010000 (17010 (70011007 IV. str. 1360 Το10011 ij. m, Ρ107οΙΙ. 011. 79

²⁸⁵· 001. 101, 101, 110 a 100.
m) 01. 1. 101 a Archiv 711101. str. 399. srv. 0110011011. m. Prahy 11.
011. 181, 287 0 307, 111. 011. 3110498 0 0111,0101100111010010110“ 011. 20.

 

