CXII

na 11111111 8111111111111, 11 11111 111111111111111111 1 1111111111
1111111111 k nim 1111111111111111111111 1111111111111111. 11111-
1111111 11111111, 111 11111111 Ferdinand II. 1 ΠΙ. 1. 11123, 1621
1 16111 111 1111111111111111111111111151111111 1111111304) 1111111111
1111111111 soudu 111111111111111 111111, 1111111111 1 1111111 1111
11111111 prava 111111111111111 11111 1111 111111 11111111 poda]
v 1111111 1111 111111 11111111111 soudu. Ρ11111111111111 11111111

1111111111111111 11111811111111111, 1111 mu hylo 111111 11111
1111111111111, 111111 11 (11111111 1111111111 11111111. Β1111111111111111
11111111 1 1111 81111111 111111 11111111111111, aby konali polieii
1111111111 1111111111 1 1111111111 111111111111 1111111111111111,
1111111111 11111111111111111, 111111 11 11111 1111 11111111111111111111111,

1 11111111111111. 111111111111 dne 12. listopadu 1685 111111 11-
111111 11111111 1111111111, 111 11 1111111111 11 1111111 11111111111111
nad 11111, 11111 aby pouze 111111 1111111111 magistratu 8111111111111,

Ι 1111111111νὲ1 0 1111111111 1111111111, 111111 11 11111111111313) 1111111111

1111111111111111111111111111111 1111111111( od roku 1111111 1111 hejt·
mana 811111111111111 11111111 1111111111111; 11111111111111111111
1111 1111111111 1111111 1 1111 1111111111 pozbyli 111111 11111111
11111111111111111111 1111111 11 1111111 111111111 1 11111 11 11111

’ 111111111111111111111111 11111111111111111111 1111 1111111111 1 11-

111111 11111Ρ1111.’”ἣ (11111 11111 Η, 1111111111 1111111111111, po·
111111 jim 111111 111111 k 11111111 111111111111111111111 11111111;
11111 11 1111111 11111111 1 1111111111 11111111 je magistratu 1 hejt·
11111111Ρ1111111111,]“1111 1111111 1111111111 1111 Ρ1111111.

Ζ11111 111111 111111111111111 1111111 11111 1111111111 11111111

¹⁰⁴) 81.1.311,111,311 1 318. -11111111 11111111111111111111111. r. 1103,
11111 L r. 1708, 111111 VI. r. 1111, 1111111111 Μ1111 1111111 r. 1111 a 11111
11111 11. r. 1782 1 1111 11111 11111 §idum Praiskym. (Sb. 1. aab, 118,
111, 111 1111).

⁸⁰⁵) weingarten Vollntaendiger Auszuss 1186 atr. J. 9.

⁸⁰⁸) Ρ11111111 11 due 3. 11111 1191 bylo 1111 11111111 1111111111111 1111111111
1111 Pratum, (1111111111 111111111111111111111 1111111111, 111111 11111·
puji 1111 111111 povinnost 11111111111111111, 1111111111 1111111111 1111-
11111111111 n· 11111 1111. (1111111111111111111111111 1111οΒ111. str.
111-19 ⁸ 111-117.)

 

