· 530 . 1627.

1111110110, 11111, 1100101111, 110111111ιὸ 1 verne, jaki 111 0051111111 0011111
1111011, 50 11101111110111111011111110111 1111111 1 00111011ῐέ1 51101111
1 115111 1110001111 10101110 od 01110110100111111111011 1 1010111111
t& 501110111τῇ11 5011110111 111 0111111011 511111 015001001011 0011111111
11111111 11111ιὲ111111 5111111111 od nich proti 011111 Bohu 110101011111
111111 511111111151111111011111, tbi proti 111111 1 0011111111 domu 1111011
111100151111111 1111111οη011 1000111001 1111511111 11100111, 1111111 sm*
10111111 1 «1111111111 5111111 111111101ιί10 01111011, 010111015111 1 5011101111
do 1115111110 1111115111 11110110, 110111 11110 11111 Β11011 1101110110111111
1111111 zprotivily'mi 001111101101101111111 11111 11ἐ11, 5101111011 ababa
5111011111 a jmt'ml 510110 1011010111. 1151111, 11101 11111011 111111 11
1101111111 511 5111111110511, 0051ηὲ10511 1 0011110511 se z 11101101
111110 111101511111110110 60511110. 111511 51110111, vypow'edffi (1111 ni»
11011 0111 sami 50 11111110 1101101110 0110111111 1011 (11010 11110111 1111,
111101 111115111 11110110 1115111111, 1 1111 1011111 1 1111011 sve 0101111111
11110511, 0051011051 1151110511, 111 1100100110101116110 01101111 se
' i sbudouclmi 1101011111 5111111 111111111101111 11101111, 1100111100 1111
· 1111011 bez 11511011 51011011 a 1015111 1110011111, 5 dobry'm 101111151οι
11111111 11511111 1111011111 as 11111101 11111101] 11111111 1111111011 111001 111
10151100 1· (00111011 (1010 111010111111111110011, 1111051111, 51011011, 111
10511, 0111101101, 10151111 111111111151110 110511111111, 0111101111 1 pt*
11111111111111. 1100101111151111101111,11111110] 5011501) 1 Ρο1151111 ⁵
1111111111 0101111100 11111. Dim 1Ρ1110111111110 dne calendas 11111
11111115101110 1115111110 105111111110 ’1. Item list 111101 111110 ,11111 11511111
a 0101111111 11101 1 Podskali ak 1011111, 1111 Ρ11ὶ1111 nebyli 1011 1101111
k 5011111111] 0011101101, 101101 1111111111 ,11105110 (1111111110 (510) dne 1005100
1151000111 111111 115101110 1115111110 1111110111110 01101101). Item list 015111
1111111111 10110 11110111 11111110, 1110111111 vysvobozuje Praiany po 151
1111 01101111111111, 101101110111111 vSpeyru 1110110111 01011 51111111 111011
letha 01111 1151111111 11151110111011111031. Item list (1011011110 111110. ,1111
v 1110111111 11111111, 10 Ρ1111111 151011 0011111111 1 01111111 1110, 10110 jest
11011111111001115111111 10 11111011 po 51111111 Prokopu 11111115101110111511110
1111011110 0510111041. Item list 111101 111110 11111 01111111111100,
111111110151111 na 111111 011Ρ11111, jehoi datum 1Ρ1110 0111111101110

--...- . ——.

’.1.10. 1113. 81119. ’,1130

 

