XLIV

11111111 1111 11111 1111111111 1111111111 1111) [1111111111 k 11111111-
1111111 1111 1111111 11111 1111111 11 11 1111111 11111111111111111111,
1111111111 1111111111111 1111111111. Ui r. 1114111111 11111 1111111111
majestatem 1111111111 ty 111111111111111111181111111 111111 11111-
1111111 1 1111111111, 11111 1111111 pokuty 11111 ¹⁴⁰) a 111 leta 1111, 1111
1111 11111111 1111111111 11 Vidn& v 11 [1111111 k 111111 1111111111, 11-
111111 ji 1111111111111111, pokud 1111111111111. 1111111111 111-
11111111111 1111111111 11111111111111; 11111 1 tou 11111111, 11 maji
platiti 111 1111111111111 1111111111 1111111111 111 11 1111 1111-
]111111 ani 1111111 1111111111 111 11111111 1111 voloni 1111111111.
Ρ11 1111 11111111, 1111111111 §pitaly³ jakoi i platy 1111111 1 nim
111111 1111111 1111 11111111 1111111111 11111 1111111111, 111111 11
1111111 jich 1111 11111111 111 11111111, 11111111 11111111111111111111
maji 11 1111111111 1111111111 1 11 111111 111111, 1111111111111111111
11111 1111111111 11111 11 1111111111 1111111111] 111111 11 11111
111111 1111111111. ¹⁴¹) Toho 1111111111 111111 111111 11111111111111
111111 [111111 11 111111 111111111111 1 11111111 1111 111111111111-
111111 11111111 1 11111111 1111111 111111, 11111 1111111 se 0 11111
1111111111111111 11 1111 1111111111. Κ11111 1111 take 1111, 11111
dor. 1620 1181111111 111111 1111111111 ulici 111111111111111, 11111
111111 111111111111 11111111111111,111111111 1111 150111111111111-
skych v 1111111 sv. 111111, 11. 1111111111 1111. 1111111111 1 11111111 11111
11111111 111 ,111111ιι 11 1 11111111 11111111. ¹⁴²) 11111111111111 11.
na [111111 111111111 suu-⁶110 111111 1111111111, 11 11111 1111111111
111111111111111111111 vice 11111111)1 11111 1111111 1 1111111, 111
1111 11111111, 11111 11111111 1111 1111111111 11 1111111111. 11111
sliby 1111111111 tyto ostaly pouze na 111111, 111111 Stare 111111 11
11 doby 1111111111 11111111 11111111 1111111111 1111111111111 1111
1111111111111111111, aby 1111111111 111111 111111 11111111 11111111
1111 11 81111111 111111 11111111.

Β111 po 1111111111 111111111811111111111111 111111 1111 11111-
11111 1111111 1111111, 1111111 11111111 11111 11111111111111 vy-

¹⁴⁰) Sh. 1. 3111.
¹⁴¹) 111. 309.
¹⁴²) Sh. 111138-140.

 

