1111. 637

1111111111 211. 1111 1541 111. 2311)-111111 platy 11111111111111111
111 1111111111 1 1111111111, 1111 od 1111111111 111111, 11 1111111111. My
Ferdynand 111. (1111111111 11111 lietu 11111 11111 d. 11111111 1111-
11111 311. 1111 1541 111. 142.) - Priuilegium, aby appellujicl od 111111
prava 1111111 111111 Ρ11111111 k 111111 1111111 111111 kop 1111111
(11111111 11111111. My Ferdynand 111. (1111111111 1111111111 1111111111
(1. na 111111 Ρ11111111 25. 11111 1549 111. 2411.) - 1111111 111111
111111 1111111111 11 1111111 1111111111 (11111111 111111 11111111
111111 1111111111. 11111111 11111 1111 111. (1111111111 11111 111111
11111 d. 11 1111111 Ρ11111111 21. 111111 1541) 111. 245.) -1111111
111111 111111 111111111111 1111111111 111111111; 11111[111]11111111
1111111111 11111 11111111 111111 Ρ111111111 1111111 111111 111111111
11111 (111 1 obci 11111 [1111111 byl. 111Κ111 Ρ11111111 111. (111-
1111111 11111 111111 11111 1. 11111111111111111111111111111549
111. 241.) -— 1111111 11 111111111 1111111111 1 111111 11111 111 k 111111
1111. Co 11111 1111111 11111111 11111111111. (1111111111 11111 1111111
11111111 1111111 (11111 1 r. asi 1549 111. 248.) - (11111111111111111
11111111111111111111111111111οά 111111 1 11111 11111111 11111111111111111
11111111 11111111 111111 1 1111111111, aby 1111 111111111111111111
111 81111111 111111 11111, 111111 11111 111Κ11111, 1111 1 1111111111
1111111 11111 1111, 11111111111111 1111 11111111 111111 111111 1 appel·
1111 1111111. My Ferdynand 111. (1111111111 1111111111 privilegii 111111
111111 1. 11111111 1111111111 4. prosince 1558 111. 251.) -— Vejtoh
1 clo purgkmistru 11111111111111 obci 1111111 111111 1111111111
1 11111111 1 (1111111111 1111111 1 11111111 111111 1 111111111111.
111111111111111. (1111111111 list 111111 111111 (1.11111111Ρ111-
11111 16. prosince 1558 111. 252.) - 11111111 11 11111111 bran
1111111-1111111111111 1111111 1111111111, item 1111111111 11111111,
111 o Jarmarky 11111 1 0 111. 11111 1111 1111111 811111ῃό11111 111.
1111111111 11111 1111111111 11111 1111111111 1. 18111111 15341. 225.)
- 111111 111111 1111111111 1111111 11 grunty Κ111111111111 1Ρ111111.
My 1111111111 111. (1111111111 11111111 1 11111 1111111111111111111. d.
81111111111111 11 111111 Ρ11111111 21. 1111 15111 1112561-1111111
pergkmistru 11111111111111, 111111111111111111 1111111111, 1111111111
11111 11 1111, 1 pies most Praisky' 11111 11111111111. 11111 1111-
11111 111. (1111111111 11111 111111 11111111111 1111111111 d. 11 1111111

 

