XXXV

6. 0111 111111111111111 1111111111111111 11111 111111111111τ
1111111111 privilegii 1111111111111111111 11111111. 1111111111
111111 11111111111111111 11111111 111111111, 11111111111111 1111111
1111111 k 111111111 1111, 11111 111 1 11111111 1111111 11111111. Nym ne-
11111111 111111 1111 1111111111, 111 1 1111111111 1111111111 1111111111
1111111111, 1111 111 1111111111111 111111 11111 1111111111111111111
11111111άρ111] 11111111 11111 1111 1111111 1111111, 1111111 111111 pra·
11111111 1111 1111 1111111111111 111111. 1111111111 1111 11111111 si,
11 111 bude 1111111 1111111111111111, 111 11111111 111111111 111-
1111111 111 111111 11111 1111111111, 1111111 11 11111 11111 0 111111111111
1111111111111. Tim 11111 1111111111 11111111111111111 1111111111
1111111111 11111111111111.

7. 1111111111 111111 1111111111 11111 11 11111111111111 1111·
111111 111111111111 11111 1 1111111111 1111111111 11 111111 111111-
1111, 11111 1111111111 1111111111, 11111 1111111111 1111111111111
1111111, 11 11111111 11111111. 111 11111 11111 11111111111 1111111
11111111, 111111 11 11111111 1111111111111 1111111111 proti 111111
1111111111, 1111 111111111111 111111 1111111111 k jiny'm 1111111111,
1111111111111111ς 11111 1111111111. 11111111111. 1517 1111111111
1111111111 111111111111111 1111111 1111111 1111111111 1111111111, 111
1111111111 111111 1111111. Ρ111 11 1111111111111 11111111 11111111
111111111111 11111111 1111111 1111 11111111. 1111 111111111111111
1111111111111111Ρ11111111 111111 1111111 1111 11111111 1111111111
1111111111 1 1111111111111 111111 11111111 11111111 1111111111 jich
1111111111 1111111 11111 11111111111 11111111, 11111 111111111111111.
71111 111111 1111111111 1111111111111 11111 111111111111 11 1111111
1111111 1 11111111 1 mimo Prahu, 111 1111111111 1111111111 1111-
1111 11111111.

11. Ζ 1111111 11111111 111111111111111 111111 11 11111111 111111
111111111111111111111, 1111 111 1111111 1111 111111 111111111111
1111111111 11111111 11111111 1111 11 11111 11111111 111 1111111111
ι(11111111 111111. 1111 111111 11111111 11111 11111111 na 111111 1111111111,
1111111 11111 1111 11111111 11 11111 11111111 1111111111 1 111111
ἰ11111111 111111, 11111 111111111 111111 1 11111 1111111111. 81111111

1111111 8111111111111 111111111111 1111111 1111111 111 11111111““
0!

 

