1501. 317

1111611116116111611161111 6 1111111611 jak& 16111, 161166116611111, 11611
116611 11611 11111111 6 svobodni 6161616116 1661 11116161, 6 16 proto,
1161116111 11116 podvolili 1661661611611611 6161161111 1161116111 111111
1161 i 1116166 16111 16116, 166 jsou 666 6161611116-
111611 6 1611161111, to 16116 proto jim 11 1111661 11111116 16 1 1611
. 61611111. 116111 16611166 1166111111 11111 16 61611611 16611616 616
v 161116 6111111111. 11116116 1111 66111116 166111116 16 6116161116,
1661111611 kdo 611111 11111 1611611 1111 (1111161111111611111111111 66,
· 16116111 1111111 1161111, 6 61111111 1111116 16 111161616111111161161111
1 611111 nebo 11116, 11161111 16116 161116 61611116616111611111111111116
moen& 111116 1161611, 1616116 nikoli 16111116 (1611161111 611 (1616111111
1 1111161611 1666611 11111; 161 61111111 1111111 1111116111 1116 111111
6 1 111116116 k 16111 pann, 1116111111 166116111611 61616 budou
- porufzeni 1111661611 1616 6166 neb 6166661 1166 16116,
6111611611 11116 11116 6111611 podle 11616 6 6116161116611, 6 budeli v 1611
16611111111616161 1611111 1161111611, 6111166111 byl podle 1116111111
16116 6 6111 1666 6111111111, 6 1111111611161111 6 161161 1161111 611111
1161116116116116 1111111111 11111 16116 11116 1161111116 1116111111 1161111111
6111161611 6 0 16 1611611 111116 1661616 111111. 1116161 my nadepsanl
11611 6 111116116 111 16616111 1111616111ὒ6611111611111161161111116 1161611
1611116 6111116116 sami za 66 1 za 1616 1111116161 1616166111 11111111
1161111 1166116 ty 1166111 61111116 6116111 1116161611 1 1166116 jich
111116 6 616161616111, 1116111 111611 611 6161611116 od 1161111111 111116
JMsti i 111111 od «11111611, 1161111611 6 1166111 1111111 1 11111111,
1111161111116 161116 1111 6161111 6161616111 1111161Μ611 i 111 16111,
661 by 11611116 proti 1111616611 1611, 11111111 1161611111ιηὶ ustano·
16111, 16 1111611116 1 6111111611 (111611 111111 6 111111, 1 1616 1161611111
1111161161 na 111111 (easy 11116161. 1166111611 611 1111116111 jin& 616-
1611161611 1111611 proti 16111 6161611 6 1111111111 1111611 616116 11611
1611111611 1111116 11161111611111111, 1111611116116111166111111, 611111
1611161111111161611 ani 116116111611 1161 11661111111111611, 611 161111111-
(cavati. 1161 1611 61161111 66 'hide k 1166161111 111611 1661161611, 1161111111
16 16166116, 6161611 611116166116 1166116 661161661111111 6111161116,
111111 1 1111161611, 11611 1611116111 1111116616611 1161611111. 1161 1111111111
psi 116111, 661 16111111116111111111111111111111611116111 1611, 6 1161161
1161111611 1166161111 61111116111161661111, pfl 1611 11111611 1161111111

 

