UVOD.

Munificencl obce 11110111110 11111110 111111 11111 1111111110

111110 11111 (111 1111111111 111111111111110 1111101111111111111.

11. 11111 11 maji se 11vei·ejuiti 1110111111 1111111111 11011111
1 0111111 111111 111111111111111111111 11111110 11111111110111010
1111 111111 1111111111 (101111, 1111110 1111111110. Ρ111010 souviselo
1111111 1011111 1101111 11111 1110101110111 1 11111111 11111111 .
1011111111 1 1111111111101 11101111 1101111111 010 11111 11111110
11111] 01111111 1111111111, 11111 1111111111 1 111111, 1111 1111111
11111111 11101111111110, 10111110 1111 1011Ι 111111 1111111111011,
jez se v 111111111111011 1111110111 (10110111 1 111111 1111111 11111
111110-11101111110 1111111111111ς 11111 010 1111111 111111111110
1 11101111 0111111111 ι’ 011111111111111111, 11011 11. 1111 1111101111
a 11101011101111 10110101110 11110111011111111111101, 11111 10 111-
leben( 1 10111111 11111 111111111011111011111111111111] 1 1111111010
jest proto plodem 111 111111 (1011111110 111111 11111110.

11111110111011111 11111 1101111111 11110 1111111 111111 10111111
11111 111111111110101111 1111011111111 1011111111 1 1011111111 01111-
1111111 1111111111ος 1111011111111 1111101110, 1111011101111111
11111110 1011111011111111111, 1110111111111111111111111 1 1111111011
111111 11111 0101011, 11111111, 111101111101111111 a Ι10101 1011111111
1111111111 1 111101111111111111101 01010 11111 110 1101111111. 1111111
11111011011011101 hylo 010 11110111111111111111111 110 111101 1011111
1111 111101 11101111, 1111111110 111111111110] 1111· 111111 1011011101
1011111111111111111111011111 11010 11111 Ι1110 11110111 11 111011 11111
1111011111 11111 11 11111 10111111 11111110111111111 1111111111, jez
11101111161111 01))’1111111111111111ρι11 11111111 1 maj& 110110111110-

11

 

