cxxn

11111111 1111111111 z 11001 11111 10110101111110 a 1101111111 gu-
bernium3 kterymi 11111110 11 jejt 11110 11111 111101111111 11111101
1 1 1111111111 11111111 110111011; 11111111 111111111111 1111110·
1111111 1111101 1111111111 1111111111111111011101111 111110 11110
11111 k farnim 1011111111 1 1111111111 1111111111 1111111 1010101111 11
j1 i 1111111111 11101111 111111 1111011. Ζ111 8110111111, ktery' byl
1111111111] z r. 1649 1011101111 1 01101111, 1111111110 11111111 11
spojenou 01111 a 11011111 10 1111111111 011011 11111, 11111111 byly
0111111 Ρ11111111 11111111111101111111111110111 neb 10101111,
111111 tyto 111111 1 11111011 101111 do 111111 01111, 1101111111 11
hyla v posledmch letech 0 111111111111. Bylo tak 01111Ρ111111 0111111
11111110 1 11111110 1111011111111 1111111111 1111111111 1111111111
1111111111 pravo k 111111111111 111111011111]11“1111; 11110 111111
01111111 1011111011, 1111 111110111101111111111 11111111 0 11-
111111 posloupnosti ze dne 11. 111111 1786ς11110 vyblrati clavbra-
11111, 11110111 1 11 111111 pravo 11111111 11111111 1 101111111111111,
11111111 11 1111111 11111, 1111111111, 11111, 1111111, 1111111 a 11111,
pravo 1110111111 1111111111111 01111111101111111 0111111111 11111011
111. 11011111 byly potvrzeny obci 11111111110111 11111111 11111
s 1111 1010111111, 1111111111 1111011111111 neb ve 111111 11111111,
111111 11111111111111 den 1111111111 maji 11 1111101111 na 1111111111
111111 111, 11111110 obmezenl 11 1110111111 1111111 ze dne 29.
111111 1807 111001111110.

1111011101111111111111 1111101111 10111010111111 privilegii,
111 pozbavovala 1111101111 1110111111, 1111110111 1111111111 1111111111
11111, 11 110101 evangelici 1111111111111111111111111110 1 1111111
vy‘sad a 1111 111111. 1111111111 1111111111 0111011110 10111111 sice 111-
1111111111111111; 11111 1011111, 1111111111 110101 11 z 111111 110
110111 1111101111, 1111 by 11 01 nich 01010111 111110, 1 dekretem
1101111 1111111111 11111 ze 111 17. 1111011111 1808 111110101110 11,
11 11 mn 111111 11111111 11111111 0101101111Ρ1111 k 111111 01111313)

⁸¹⁸) 11111111. 1416 1 11111111 m. Prahy. Poznamenati 11111, 11 1111101111 111111
’1111111111111 patentem ze 1119. 1111 1169 1111111 11111111 0 1111111111
1111111110 (jus retractus) 1111101111 (1111111, 1111110111 111. 111, 11 maji
111111 Ρ111111, 8111101111 1 011111 11111111111111111111111 11 01110111,

 

