CXV

(jus 1111111111), tal< 11111 11111111 11 1111111111111. 11111111 (jus
1111111111111111111111111111 11 1111111111 1761 19. 1111 1769101)
Κ111 pak 11111 1 1111111 11111111 1111111111111111 1 11111·

1 1111111111111111 1111111111 11111111 1111111 1111 Ρ1111111, 1111111
11111111 11111111 1111111111 1111113. 1111117114 11111111 guber· 1
11111111111111111111Ρ111111111, 111 1111111111 majestatum byly ’-

111111111, 11111 1111111111, 111 gubernium 11 1111111111 1111111111
111111111111111111 privilegia, 111111 111111 111111 1111111111 1 po
11111111111Ρ1111111, 11111111 1111111 11, 111111 1111 11111111 11111
11111111 1111111111, 111111 111111 pozbyla. Gubernium 111 11111111
11111, 11 111111111 Μ1111 Τ111111 11111111 privilegia 1111111 Ρ111-

1111111111 11111, 1111111 11111 jioh 1111111, 11111111 a vysady jed- s
111111111111111111 1111 1111111111 1111, 11111111 1111111 ,111-
111111, profi by 11111 11111111111111111111 jako 11 11111111 1111111111 “’

11111 1111111 11111111111111111111111111311 111111111111111. 111111
1111111111111111 11111111 1111111111 1111111111, 11 11111111. 1786
11111111 11111111 11111111111 11111111, 11 11 111111 Ρ1111111111 111111
1111111111 111 11 1111111111 privilegi! v 1111115376 11. 40111, 11-
11111 jich 1111111113ῑῆ (1111111111 1111111 11 11 magistrat
. 1111111 1111111111 111112111111 1787, 111 1111 111111111111-
’ 11111, 1111111111, 11111 1111111111111111111111 privilegii, 111111
11111 11 1111111111111)
1111111111 1111111111111 1111( 11111 11111111 1111111, 11111

1111111 podati 111111, 111 1111 Ρ1111111 1111111111 byl 1111111111111 -

1 sice proto, 11111 zprivilegss, 1111111 111111 1111111111, 111111
1111111111 1111111 1111111 1111111 111 1111111111111111 1111111111
za 11111111 1111111 11111111 privilegii, 11111111111111111111111 11111
1111, Κ11111 1111 11111111 k neblahy‘m 1111111111 1111111111 1111
11111111 11111111, 11111 1111111111 111111 111111111111 1111111111.
1111111 1111111111111111111111111 k 11111111111 11. 11111 17117,
11111 1111111111 111111111111111111 magistratu 11111 1111111111 po spo·

³⁴¹⁹) 11111111. k. 11111111111111111111 1111111111. IV D 7,
⁸¹⁰) Ρ111111118111111 11111111 1111101111, 11111111 1111111 922 11. 40111.
1 11 Η1111111 41011.

¹¹¹) Ι)11 1111111111111111111111111 magistratu.
h*

 

