314 1111.

11. 01111131 1. 3110111111 1. 1531. Romu 111111 11 1 archim 111 huy 1111111111
subn. 1, 311 31 13311111 1110 1331011111. 111311111311111111111 kn‘l. 1101311 ,
11331οτ1111 od 1 15³2 1111111311 ai (10 leth: 1551 uvimy'th pfl Jlssiskk kn'l.
11111. 101111 1011011111 1· 1111. (111111 101 A. 1(1;ὀ herii 1ιέ 1113111 dm

..111111 t 111. 31011 &sumptionem ,1111111 111 die 11131311 am 1131.- PM 1111
11111. 11011 1111 pomi 1111111 1110111111, 1111311 1111111111111 111111 p*
tormini 11111811131111101311 11111111 1101111 111 111111 11011111 011011 1111111111
1111111111311111 ..111013111 miska· 11111 111111 3101111111, 1113111011 1 m unffi
1 111111. 111111 3111 po 31111011 1111111 mezi 111111115111011111113111 1 Δ1011
111111131ιί 3011011111, 1111111111 1 3111111113 mezi jimi 31111111, 13101111 1111111111111
1310111111 111 1111 1111111 1 31011031 31111110 dne 1 1111 marie. ω soh} σι’
5110111111· do Novomkstsky‘eh 1 me Novomkstffl do 8111018111Ῠώ oui
1 131113· 113111 0111101111, 13113111 11111 10111113111 10 111 po 1111111111, m
11 11111111 1111111 1111161 11101131111111 1111111 111111, 11111 1010 din·
1111111111,111 11111111ὴῦ11 111111 111111, 1031111 111 1111111 11111111 omnin}
11 11111111111111111111133111, 11111 3111 101111] 0 1131111111, bh! 1111111
81110ωό1111 111111 3101111 113111 1111111311 3111111131, 1113 od 111111113111111
limi 1 nim 81110111111311 hylo, 1010 11 mim 11111 1 1111, ponendi se 11 1111111111
111111111111101311, nb] 10 111111111011111 113111111111111 1011111111 ,1111111
0101131101111110 1 1111111110 hylo, 1 11311011 mist o 131 11131111 01111Κ11
101 1 den jim 11111111 3111101111 1310101111 1111, 11381110111111111 Novo-uiti
311111 noim 11 131 den 11111, 11013111 11111 11111 111111 310111δὶ 111 1111
mm· 11111111 1 111 1111111111111 0011101111, 111, m 6111111011 11111111 111 111
31011111111111. 10 111 tom 11011111 leem co 11101111 1111111111 11111 11 Sub
111111111111111 1101801111 111111 1101311, ty 1113 1313111 1111111111. 3111 si
31111 3111311111 1111111113 111 (1111111131 (10111 1111110 3111111111 mmm
11111111 1111111 1101111 31011111 1 11111, 311 11 11 1111130101·ηέ 13311111
11110 vonum& 11111131 1011311101 debr& 1111111 111115) Item. 101 se 111
31131111113111101101361, 3101111111 11 0 111111111311, 1111111110 11 3111 nin 11111 1311
11131110 3111 1111101111, 111 11131 11 tito 111311101113111111 a 11 mist} 3111111111
111111. 3111 1011 113111 1116 01103111 11111111 01111113111111111111111 11111 11113111
1113111101 1111101111. 1111111111ΙΠ die epiphanie (6. 111111) 1110 1531· 1111011
11111011 1111110111ὣο zxm. 1101111 ὁ. 111 11113031. Τ11101 11111101111110 dm
11. 113111 11131 110111111111111111111. 11101111 1111111111 31111 31111 dimon 311
11111 11111 1111113111 0 0110111111 11 11101110 111111 1111111110 11 Surb 1 1111
111111 111Ιο1011 ..Tu 1131111311 kuste 1 pan, pan Ferdynnnd 11111113, [1111131113

1 1111. 1111, 11111111 1113131111, 1111111111 1111101111, 1111111111 ,1111111111 1 8111111

11111 011.,3110110 1111 ὒ1113, 11 31113 a 1111311111, 1ΜΚ1111111111111. 1111131113·
11113111111111. 131111 1111111111 3111111111, 11311113, privilegia, 1113111111. §mlum
1 110 vo 111011 1111111111 1 1111111111 3101111111, 111111 ο tom 11111111 111111
1111111 3011 111113· 1111111 31111111 1111111111181111111 111111Ρ1111111111 1111311111 &xi
11111, 1131113 13110111 1 31110111111οΡ1111111 1111101111 1 1311111111 1111 1 111
1111111 1113111111 11311111 11110 11311110 3111, 11 10111 1011110 111111 11111111

 

 

