173 1333.

wir 1311131133 3133113133. 133 313 1131313131111 3111 11131131 1131133
13313131311113313313 313113 Frage 3313 3313113 tage, 3133 13313131-
man, 1131 (1311133131 3313113113131313 frey 1111331133 1311333. 03311
11331133 wir, 133 1313113133 3131 13 Ρ133311333313 3131131331
113 1311333 13131131131 3133313133 fischo, die sie 1311133333 selber
1311331133 suellen 131 1333333, 131 133 3331 11313 burget noch burge·
11333 131113133 313133 13 Prage 113331133 heringe, noch gesalczen
1331313311331133 331133133 313 11331133 31131131333311133 113133 313133
131 (1333133 113333313111331133 1311131 331313113313, desselben 13
11333 131 1133313133 113313 333113313113133 sein, 3133133313 1131131311
331 an 133 33331133 131 (133 ander 1311 33 113 (113333313131 13 ngeq
131 133 13113333 131 31131131· 1133313133 1133133 1131313111 3313313 131
113133 3113 tage 311 31133 1131313333331311111311313. 13133131 33113133
wir ernstlichen 11111 133113113133 bey 133313 131133 133 1313311133
13 Prage 13113 1133131131. 13311313133313131 133 1331111θί313 13
Β311313, 131 33 131313113 3131133 1111131 131 31133 331313 133313
131 133 kunigreiehs zu Β31331 3313113133131 1313113333, 13 3313131131
111133 3131 wesen die sein, das 313 113 1313333313 13331 burgeto 131 Ι
313113 Prage 33133313333111133 gnaden 31311 11131313 31311333
1311313313313, 3331 3131331313331133 1131313 33313133, 3113131313
13131131 (131313 1331113133, 33133133 131 31113333, 131 313 311313
(133 133 13 31133331 werden, beyde 11313333313 1311313 1313313131
13331 1133113313 3311333133, 3311311113133 1313133 1111 13131133 3313
313 1113 13 331· 1113313 3113131333311313111131133. 1111 11113311 diez
1113113 1111313311 131113331313 1331313133 1331331311331331. (13133313
Β31113133311011313 (13111111 11311313331331311 jar 131 131 333113
1313 (11311133133113113131333 131333333331Ρ31113131,ῐ der bekerunge, '
13331· 131311333313131331133 13 (1331 1131331313133131 133 1313133131
111 (133 31133131133133 1313331) Ad mandatum domini regis

1113313133 13113113313313.

11131 vetustissimus privilegiorum (31313. 9113 311. 85 13131113 1311111
3 11131331313111113 regis (1331311111) 1. 331 list 3118 1· Ρ1313111 11111311331131113113111.
ι) 111 133 gottes 31, Β3113111 33111111 1 Α. ²) 311311133 31 133333 3311113111.
³) 11111111331111131 1113113 31 31133131131111311 131333 11313 1 Β. 1131131113 Α 113311
1311131 ,1)13333311311 331313133131333. Datum Mendici 3333 (131111311100011011·ν
die 3331131313313 333311 Pauli, regnorum 33311311113 3333 Β331313ΧΧΧ’, Romanorum

 

