4⁰2 1111.

111111 1 11111111 11 1111111 1111111111 k 11111 111111 1111111, ,1111111
11111 tuto 1111111111 1111111111 11111 11111111 miii, 111111 1110111111
1111111 11111111 11111111111111 11111 11111111111111111111111 ,11111 11-
111111111111111 1 coi 11111111 jim 11 tuto povoluje 1 111111, 1111
,1111111 w 111ᾰί1111 1111111111 1 do mole 111 1111111111, 1111 111
1111111111 11111, (1111111111 1 1111111111 11111111 15111111 11111111 per

zuostavuj103 1111 1111111111 1111111111 1111, aby 1111111, purgmistr
11111111111111111111 111 11111111111111111, 111111 sami 11111Ι
111111 11111111 11111111 budou, 11111111 111111 1111111111, ale 11111111
11111111 11111 111111 11111111 11111111, 11111 1111 111111 111, 111111
,1111111111 miti 11111, 111· 11111 11111111111111111 11111111 11111111.
Ρ1111111111Κ111 jim 1111111111 8111111 1111111 11111111111111111111
1111 111 1 mejto 11 111111 11111111, 1111 od 111111111111111111111
ahyto 1111111111, 11111 111111111111111111 1 1111111 11111 1111111111
1 111111111111111111111111, 111111 1111101111 maj! 1 11111111 1111111111
1111111111 1 11111 1 jizby 111 1111 11111111111111111111 1111, 111 ·
1111111111111 1111111111 11 tom 111111 1 111111 111111 11 1111111
1111111111. 1111111111 111 111111 111111 ty 1111 1111111· 1 1111111
nosti 11111111 1111111111111111111111. 1111111 111 1 1111111111 1111111
Η11111 1 Ρο111111 1111111 111111111 111111 Ρ111111111 jim 11 11111111
1 111 maji proti 11111 1111111111111, 11 11111 111111 a 11111 jsou 11
1111111111 111111, 1111111111111 1111111111, 111111 1111111 jed0u‚ 111
1111 111111111111111111111111, 1 1111111111 1111111 1111111111 11111-
1111111 1 1111111111 Μ111111 111111 1111111111 1 1111 cel 11 1111111111
11111 111111 11111111 1111 1111111111 gr. C. 11111111, 111111 by 111
1111111 1111111 hylo 11 1111111111 1 111111111111111111, to 111Ρ11ὶ111
1111111011ῐί 1 1111111 11 to 1111111111. 011111111111111111 11111
11111 11111111111111111111 111111111111 11111111111111 1 811111
111111 Ρ11111111, 1111 maji k 11111 1 1111111111111111111 1 to 111111
1111111 1111111111, 11111111 mimo 111111 1 1111111111 1111111111
1 111111111111 1111111111 11111111 ryb a (11111111 1111 1111111111 111111.
Κ 11111 maji z toho 1111111110 11111111 111111111 11111111 1 do 11111111
1111111111 na Pisku 11111111 111111Ρ111111111111111 11111111, 1111
11 1111111 11111, 1111111111 111111 1111111111111111111, po (1111 111111
11111111 111111 111111 1111111111. Τ1111ῒ, 11111111111111111111 111111
1111111111 111111 111 111111111111111111111 1111, 1111· 111 11011111· ode

 

