338 1510.

1101111111 101111 1 10111111 1111111011 111111. Α my 111111 1111 1111111
1 1111111101) 1111111111 1 nam poslanych 0111111111 jich 11101101
1111111111 mame je 111111 111111 1111111, 1111111 1 1111111111
1111111111, 11111111111 111111 11 1011111111, jim 1111 01111111111111
1111111 011111111, 11 01111 11011111 1 jich 1111111 0110111111 1 ty tu
1 tom 11111 11011111111101111 11 11 111111 jich 1111111 1 1111111
1 111 1111111 11111 0111111 by‘ti, 11111 1111111, 11111111111111 111111
byti obmovena a 10 [1111 mni pany a 1111111111111111111, 1111111
1110111 1111111111111 1111101111 budeme pro 1011011010 1111111
101111111110 1101101111111 obce. 11111 11111111 11111 1111 11111 [1111
maji 111111 11111111 1 purgmistr 111111θέ111 111111 111 10101111 11
111111 111111, 11111 my 11111111, 111111 1111 011111111101111)1 11111111,
1 001011 11111 11 11111 [1111111111 111111 1 1011 budou jmenovmi‚
111111 1 meh jmenovanych 11111 1 11111111 11 1111111111111111, nez
11111111 humi povinni 1111 k 111111 10111111111 0111111111 01111111
· 1111111 111111 1111111111111, 1111111111, 1111111 0111111111011111111,
11111 1 111111 1 1111111111110111111 1 1111 11111 10111110 01111 11111111
1101111111 jimi 11 10111011111111, jak} jsme 1111101011111111 1111
1111 11111111 10 11111111 1 10 011111101111111111111110 1111111 1 1111111110
111111111111110. Το pak a 1111111 bez 1111111101111111110111111111111
1111110111111111 11 11111 byti 11111111 111111 1 1111111111 111111
11011011, vy'sad, pmv 1 1111011111111 1111111111 11111 1111111111 1111111,
111111 ,1111 1111111111 1111 1 my 11111111 1101111 1111 1111111111 1 raddu
0111101111111111111; 111111 1111111111 1111, za dedice 1111 1111111101
1111111 001111 1111111, 11 11111 1 11011111 611111 1101 [111011101111111101
11 maji a povinni budou 11111111 1111111 1 1111111 1111111110 10111 obno-
101111 18111111 111111 Ρ111111111 0101111 1111, 1 11011111 11 1011111 11111
11111 samy'mi 11111111 111111 111111 1111111111 jinde‚ 1111 111101 jsti to

111111011111111111011 &em i my 1111111111 111101 jest to od 1111111111
by‘valo vidycky. Τ11111 11 1111111111 11111 1111 1111011111 1111111 tomum
1111111111 1111 1111111111. 1111 111 Ηο11111 111111111111111111 1111111 den
111111101111111 10011111 11111110 letha 1111011110 M. 111111111101111·
10111111111111 [1111111110 ΧΧο1ὒ11111110 xxxlx0.

Dle „liber secundus privilegiorum Veteris urbis Pragonsis pag. 89⁸ rukopis
(1111111111 1111111011111111111111111 131 list 11) 1111111111 11111111ῄί11 11111111. 20⁵.

 

