(593 1141.

1110101111 101 111111 011001 111 10110000 0111111111, 011 0111011 110110010111110
0101 0111011100. 111 1010 111111 011101111ιο 1111101001 001 1110110110 1101101101
01000110 101101111111. 1100111001 111. 01111011111101111110 dne 14. 1110110110 1740 hyl„
1110 11111111 0111101001 3037311. 1110111111 00 01110 01101 0111011101 [11ορ011001 101111
1. 1741 011 1100000111· 11011010 10 1110111111 10 11010100 0011111010 0 0100 01111111
1110110 11701 11. V 101 1111110 1100000111110 0111111110 0011111100 po 10101-
1101101110 0 1100 1011111101 0110100111,11011 0100 0 401111 11. 1111110. 10100110
101100111110110110 1736 11010110 1011 privilegiem 111111 0111001. 1111110 0101
81010011111111111011 na 1110111 111110 1 10111 0 1101010110 11111011 110010 1110100.

,11101101 01111·ἑο 111 11010011 1 1111111110 101010, 11010100 0011011111 na 300011.
111111001101111001111011101110101011 10010 10110 111110. 1011111101 111111 11111111
11101 1111111110 1101101101ιο 110110 1110111110. V 001101 ὖ1011101 0001 pr? 11101110
11001111, 1011111011111110 10101110, 1010111011111, 00101 1110110 1010 1111001001 psi-1
10 01110101 0013000011. Ohec 1110 000011011143 1110111111 1011 110011 11, 111 =···
10111 011110110101111 010110; 01101 1101 01110100111011110 10111 1741 po 111011
0111001110 1110110 0 11011101 1111110. K 10010 1111100110, 10 0111011010 101010110110
011110 Ηο101011 0111111 0 1010101111, 10101 1 10 1111111111οο 10111100 101101 1110 11111111
1 1101111000 11101011, 11101 0100 00 0010 43339 11. 1110111 11110. Dalii 111111110-
1110111110 1100 10011. 1101, 10 po (1111110101 1010 1111011111 10101 010 00111111.
100011. tim, 10 0 111011 1 17011110 010110111110 0111010 011110, 111111100011
1101111100 01101101 11111000 hyla, 101111 11. 1101, 10 0101111110 0111010110100111·.
0 1111111111 0 1110101111 111101 1110101101· 11001111 0 0 star& 010001010011100-
100111110 110100 1111· 110101· 1111110111 1111 0130111. tim, 1011000001011101111010
110011· 111101111οἰ 1111 0 1101101000 11101111 1,,10 110111 wohl eingericht gewesten 011011·
110011, 10 dio. 0011111111011001 0011500011111101101101, 1010 die 11001101101110
11011 1100010110011110111 11011100111110110 10111101011110111101 10101101 worden, 111111.
1011101101011110110110100101 1301 11.“1 111110 10011100100110111111110 01100111 pss·
1010111, 01101111, 0101011111, 10110110 a 10100110 11111010, 11111101, 11100 01111011.
1011100110111.1010111111 10 1101001111 11010110 101111111110111110101 1101111, 11-
steen& odpustiti 1001101011010010108111.45111.; na 1010 r. 11131101ον
1111101111 0101101011011011000 10110100 01000110 1110111001ιο 10111 11101111 1110110 01
040011.; 0111111110 1111011101 11 1111111 1 0111101 letech 1745 01 11411 1111110010·
0 11010 1 (1011111101 10111 011111110111010011111, 1011011 0010110110110 (5010111011
1100101 01111 11111011001100011“), 101 11111 11101111 0 111100 1010001110ιί 11011011·
0110001 1111010111· 1011101111. Ρ10101 111110111011101111111 1101111011, 0111 1111111111
1110101 10111101 111011 1 ,11110 1001101111010 1001111101 11111111011110101011-1011111-110110··
00101110 011001 taxy 0 1101100 101111, 011111 0111 1111110 111110 11111011 01110 11 1100
„bei 0011111110. - Na 1111101110011.1101110101 1011101101 1101111001 10 1100 1011101
11111 1011110 51011100 011110 10110 10 00οῖ 11. 00 4044 11. 40 11. a 1111 1101111001
c. kr. nvjvyiiiho 1011110110 11101111 1011010110 10 1100 11. 1101100 11101 1011101110 0101
1.·,00 21. 11 10010. :Akra 10110 11 1111101 111110 1. 316 1 01111110 10. 1110111.)

 

