1555. 031

,115115 1515 11 Martii 5555 ,1511551511 511 111151151151 privilegii 11555 15111
1 Novembris 1111551511, 55511 ,11551511 1151115111 51515 11151515 iiie 11151511
5 1111111515, 5511111155 15551511 1 11515151110551551, 151155 51151555 5511511 511-
vilegii 5115155151 deno 151) 11.; item jure cancellariae 511111, 1155115115155 recessu
5 511551555511 privilegia 11555 51) fl.; 10 Novembris 5515151 dil taxy 5115 weride
1111115 5115511155 751111.; 11515 151115 1151111155 111155 1511.; 111 Novembris 115511-
perlici 15555115151110515 55 51111555 155155551, 55 se 111515 511 1110515 1115115
5111155515 (lorice, 111155 151111.,11551 k 5515115 5511111115 purgkrcbstvi Ρ151515115
za 1551 51151555 111155 1811.11111.; 29 Novembris item 115 expedierit 5555111151
55 51151555 5551511 1151155111 1551511551 11155111.11)11.; 11115 11150 11 155115111
15115 Exc. 51155, penu 515551135111511111151), 55111111151115551511111111515111
0551551 55 51111555 1551155551 551151555155111511111551051) 11., 1151511115 555-
5511111155 511 11., item do 5115511151 11515511 05515 55 51151555 1551511551 deno 11111.
15 11., item 5. 111511151511115155 511 1110515 1555511111 05515 11151515 15555111-
51511 1 5115155 55 1151551555551 jak 551151, 1511155111111551 51511511 privilegii
111155 1111111, 11515511111511 1115115155 155551115151151115151111151111151 zletem ijine'ui
5111111551 115115 511 11., item 511 11155551 55151 1511111 515581515115 1555151151-
515115, 155551155151515 privilegii 115 5155151111. 5515151151 5151115151 5 5511151511
55 privilegia, 115115 151 1111555111.·11111,; 19 Septembris ke 1151515 5515511115
1 5115155 privilegii 5111110515 5111551115 5111551511, 1515 1 1551151551 115511 enerich
151111555611511., item 511 155155511511151 115111, privilegii 5555155511 1111511511
155155551515 1155510511, item 1115515 515151511551511 11551 5551511511 5515555555
111155 1 11. 311 kr.‚ item 5. 1555111111111511511 0511151555 511 11105111 1555511511
11151515 155151111515 5 515511151515111155151151151151151 515551151551 privilegii,
151 155111151151551 115511 51511511, 15115151 111515 od 1110515 5111551511555
15 51, item 1151551511 5511155551ωό expediet 11555 111. 511 115 21 Decembris 15115
Excell. 5. 5. ,15551511 85111511 (titul) 5 Matrinio, neryiiimu 1555111111151515111
0551515 55 5551111551 1511 511 1551151551 51511511 privilegii 11555 11111111., item 151115
5511151111 115 111155 111155 11 11. 55 11.·, 1111151551 511115115551151515111151.11115·
5. 55115 1111551511 115111511 11115115115111515, 5511111115515551111 1111515111 (15511115
tax 1511 1551115551 11511511 privilegii 11555 1011011, 11551 15115 115 111155 1155511111.
a mim 11152 3 1151111315. p. 5. 1111515511 Boiitcvi 1111511 5 1115111515 55 5551511151
5511511515 15111 od 15511511151551 privilegii 11555 551111.“ Ktomu 55555555555
55 5151151 strare, 15 „tento 55551 5511115 55 1551515 1110515 0551511 5 jeet 1511·
1111515511 ‘23 Septembris 11155.“

* 015. 5311.
1619. 11115155. 11515511.

Circi Ferdinand III. potem-jc kra‘l. rychtcri, 5511511555· primeca,
1111111, statii-m obecm'm i 5111 5151155515 151515 Praickc'ko 5115115515
5151511551 15111115, jakci ι’ 55111515551 jim 5111151111 υ 5115111511 za 515-

 

