’ LXXXIX

5151555, 55551510 555551 15151111 5115151555 55555155 15511 ⁵

5515515111 5 5. 1562, 5155151 81551515 515515 11515155 pravo se 515-
151515551551511 515155 vin 5 5511115) 111155 Μ5511511155 Π. 5551-

15511155 15155155, 515511515111 jim r. 1575115555 15 privilegia, '

151155115551 1. jim hyl 55151111 555 5155515111111)

Teprve za 51551511515115 Π. 1515515 55111555 515515 5115551
5551155 55155 11151. 01551 potvrdiv pn'vilegia 515111 mur. 1577
15151151 5115511, 5. 1584 1155155111 55555551 5 1555151 k 51515151
5155515, 51151515] 5 5111115151, 5111 mu 2000 51. 551555155 5511151115
a 515051555111 5151, 551 51511551 1 5555 mohli 5555 55151511515151
15555555 5 51151115 5555 555 551555 5511515555 1ο 1555 5555515510)
1115151555] 1555 1551111515 55 5555 5151515551 115555155155155. 0555
51551115 5555 mezi 115151 5555 1575 ves Ν5515 55 8000 51. 5515, ,
51506 1511115155 55155515 55 2500 551, 551 tam 5151 vina 1155111511
55115, 5. 1004 151515115151 v 0115515151 55 7500 kop 5 51551 po-

155111 11 5.1599 5115551 151551 5551515 55. 5151155155 5 55515511155 ··

15155551 5 1115155551 5111515 ev. 111151 ,1181 5555155 r. 1620 5555
1555551551 55155115 55 5 51, 1111555511 11 pravo 1155115511 511 55151
1155 55 1155515515 51155 11515111 1155 11155 5111555551, 1555 555
1151119) “

Ve 55155111155111515 1515511 55 Nove 515515 11151 (15555 111551115-
15151, 5111555555 51551555555 55551555555511, 1555 55 515515 015555 51
151551 1155511551 155555151155515115 5115551 5555 51551 515155 pro-
5551. 05555 privilegii, 151 Ν515 555515 51 1551155511 ΙΙ. 5111. ·
05111515, 5511111 55 55555 51 55551 5551555155 155555155151 115115

“ κ,- .-«

²⁸⁵) Archiv 1555555 51515151115151511555. P-106 subn. P ⁶2. 5 Sb. 1. 256.

0555.

NJffiamfflmffiwm

“⁸1 851. 188 5 515. 638. 855Β11551151151 5551155551 atr. 950. - S 115155155155151
1111111555 51. 11115511 151 1115555155 515155 511 1555 1555 511111 55. Bar·
151555515, 1511 1555551515 5 5515 Noveho 515515 r. 1505 55151111, 5555511515
155 551 15. 55115515551 5555 511555 115555 (1155 (5151111 1. p. Π.·427)
1515151155551 8155555515] 511155511115 551515 r. 1514 5 151115111155
55555151 5551111. (Libri antiqui contractuum 55 55551101 11123 listB
ll 5111241151131 5 87 v 11511 15555551155 5555 5551515155.)

28811551115 m. Prahy listina 1. 510 5555. 7.

 

