1111. 019

1111101111111 0111111 1111111110 purgkrabstvi Ρ1111111110 111011 111110-
purgkrabiho) 011111111 1111 1 1111111111 111111111 1011110111,111
bez 01111111 111111 1111111110 111111111110111 jich jmiti 11111 10-
11101111 by'ti mohli. Nad to a za 11111 pro 11111111 11111111 11011011
1101111111 1111 11111111 1111Ρ11111111 1101011111111111 01 1111111111
1111111, 11111111 11111111111111111111111111111, 11111111 privilegia 111111-
lujiee 111111 111110 majestatem 111111 11011 1111 1110111111111111101111
1 11 pravo 1111101011111111111, 1111 1110111111111111111 11111110,
111110110111110 neb 1111111110, 1111110 1011111101111111111111111-
1111111111101110 domu 111011 111111 1111111111111 111111101111, 11
sebe 111 1111111 11011110111 1111111111 1111111 1111101111 1111010111,
1110111111 1111 11111 1 101111111111 1101111110 111111, 111111 1110111
11011111111111111110, 1111011110 neb 111111111111111 11111 1010111
11101111 neb 11111111 111111, 11111111 1111111 111111 1111111111 111101
111111 j .j 1101111 1 [1011011111 110111, 111111 ta 1111111111 1110111101
1 1111111011 10101111101111111 1111111111 111111. 111101 11111111011011
(101111 1111110111 1 1111111 1111101011 11111, 1111 neb 10101111 1111-
111011 za 01111101 11111101, Ι11111 od 1111011111111111111, 1111111-
101111 11 maji, 11 11111111 1111111111 11110111 111 11111 11111111
111111011111 provozovati nebud0u‚ 11111111 11111111 1111111111, 011-
1111111 realia, 111 1101011111111111110111 10111111 11111 101111111
011111 1111111110 1111111111110 011011 111 pomoni 1111111 10111111
1111011 neb poduikati 1111111 1 11011111 111101, 111111 1 11111111 1111111101
111111110111 11111111110111011111111111. Α 10111111 00 11 1011111
11111111 101111, 1111111 111111, 111111 1011011111, 11111111111111111-
1111111 111111 1101111111 11111111 politicis 11 criminalibus se pii 111111
1 101111 [11110111 1111111111, 110111 k 1111111111 11111110111111111111111
1110111110 11111110 1111 1111111 1111011111 1111110101111 1111101111,
111 011 11011111 purgkmistr a radda jak pii 111111011111110101111
pii 1111111111111111011 Νο11110 111111Ρ1111111110 quoad politica, pu-
11111111 criminalia, 111 10 k 1011111111 11111 1 11111111111111 1101111)-
11111 1111111111111 01101111 111111, 11111111 111 111111 1111111111-
101111, 111111 a spravovati 110111111110 1111 mili, 1101011 sebe
k 111111111 1111111110 1101111110 111110 111111 1 1111110111 10 111111
11011111 11111. 111111 10110 za sedme‘ 1101111111 1111111111, 11111111 jsou
1111111101111111011111111 11111111111111 11111 111111101111111 pii·

 

