CXXI

1011010010100126.110101010 1802 00 0110000 010 1101000001, 10 0101
11010110 10011 00 privilegia potvrditi 0 10101 0100100101, jak 10110101
Ι 110110001111001, 00110101 101110 00010 ‘se obci 0110110 010101011,
11111 10101111 10010, 011 10110101( 1011001 10101011 11111001 01101110.

10111111 1010 10110100111110 0101000 0011011010 131010018οι1 -

0111100110, 011 10110011 101001 10110111 110101101101011 3000 11.
11000100 1010 0 10111001 1010000 302 11. 32111. 0 011 01001011,
1101 01 11010, 011 00100101111 1101000 10 knihy 0001 10010 110
pergamen. Μο1101101 101101001 00 11010100110111 10110111 1011100
1801 10010101 11110 110101011010101001, 011 100 1100110 111101
1011000101 1111110111. Nato 6. 10100 1808 1111010101 1010101010,

011 010111 1110 101010 110 11. 00 1110101001 0 11010001 1111110111 1

0 11111 1011 1001101101 011011, 01000111 100 100010101 1010101 1101
31. 110100 1809, 10 10 1010 1110101001 privilegii 111110 00111010 686 11.
01111011 10110111 10110 536 11. 11111 1 10 00 01010, 101014. 10100
1810 0011 10101, 1101 010 00100101 1111010010110001110 00011101·
. 010000 0 11111 0101101101 1 10 1011011101, 0100101 11000100 1000101111
1111 10110101 - 1 0011011- 26. 10100 1811 1011110011111110111 0100
11110110, 101111010018100110011 01 13. 1111100 1808 10101001 0 011
11011 111001 1110 0011011010 1011011 01 r. 1182.
V 0101001010 101010 0111111 010018100111011 01010000101Ρναο10
· 01010011011101101100101110001 0101 11010101010 11010110 101010
11011 1100100 1111110110, 101 01001010οΜ0110101001010101110 Ρ1010111η
10010100 1110001101110, 10101 10 00110 1 110001 10101 00001137 11011
1000101011011, 00 001 1001101101 Ρ1010111 11101101 1010 111011 0110101,
1011011 01001 010110 010000101οᾱ 0000 1101111011οο Ρ111001 1010111
01001, 10 10011 1111110110 11010110 10101 001011 1 110100011, 101011 11011
0100 01110 0 1010111 0001101011 01001110011010001 1101010 10100110,
101101 1 111101001οι 10011 1111101010, 10100011001001011011101 1011000-
ΜΝΜΠΝΙ)
Τ110 0111001010 1111 00 01010000 0100 Ρ10101100 110101001 11011,

00011011 00 11011101, 01111 00110101 7442 11. 011, kr. 1110010 10110 010 010
0100 110111 00 11081611. 10110, 101 0001110 110010 01100011, 0011110111111
011011 101010111011011 0001 1110111001 1 1101001011 0000111000.

³¹²) Sb. 0. 348.

 

