186

233, 234, 233, 233, 234, 324, 333, 3343144331,333;3311313333

313, 331, 336, 333, 334, 333, 333, 333313 1433333133 303, 333, 334.
333, 333, 333, 433, 433, 333, 334, 234332 1133331333 333; §pi ‹
333, 333, 333, 333, 334-333, 333, 3313333423 232; 33333433
323, 323, 333, 334, 333, 343, 323, 1133341343 pfl 33343 p...
mmmmmmw wfflmmmm
631, 638, 3331333 333313333330111, heyam· (13314 3333333333 433,
CXXVII, CXXIX, ⁷¹33 1113133 384. 688.
Bady 33313331 3. 0333333331. 3331343313ὶί (13333143 1333331313
1343344 3111 31143313, cis. 33331 332. 333, 333, 432, 333, 334, 433
14413334323111333333333 133311333333131 433, 631, 638. ,
stM. CLV. ι Β34313433431114333333 3331. 336.
13413133303113333,33333 3. 144ρί433333 (13333 1433331313 313
13442223, 1131433333 33133133313334313, 343.
ducatus AustrIe 3, 13, 133, 331, 383, Reddat& 33.
384, 331. 1131333333 133 Raptim, hojum
1131433333 3133 143, 133, 134, 303, 433, 3333333333 3334314334 003.
433, 433, 433, 334. 13433433. 343331
3314333143 31333 430, 333, 330, 341, 343, 1131333 ke (1313331 neb 413 (1331413,
mmmwfflmm QQQQQQ
323, 343, 323, 322, 324, 323, 333, 334, 333. 332, 333, 332, 333,.
333, 333, 333, 333, 333, 333. 333, 333, 333, 333, 334 333, 333.
1431433111 3433333 3033131383, 383. &morona ke 31314333 3333331334 433,
-333331333 138, 133, 133, 383. 433, 438, 484, 493.
1431433311 LXVI, 304. 3 3333333133 Η311111 4313.
mna 332333 v. Mor. 3444333 31331. 0. 333.
III-ny, modIiny ran, 3333 1431333, 113333 Replika LXXX.
plage, plage 33331133, 3133313343, 14331- Reproeentace 14331. 3 14343333 313.
33131333 134-106. Viz 13333331. XCIX, 304, 306, 310.
113131133111313,3333313333131431603. 1333433333πεὶ 3143331 CXIII, 01
1333143343 3. 11303133. cml.
Ratibor, 33313 1133333331ον 3. 1132133343333131314333143 443. 443, .·
113413333133143113333. 1433133333 330, 300, 613, 333.
343343, syn 310413 2. 333, 333, 334, 333, 333, 333, 333
1131331133. PovstXnI. 11331331ρί3 14131. neb 313. 561, 13911,
11443433331333143 033, 33 333331 313133 ai 338, 343, 338, 633, 333, 633, =
313 410, 34333 31413333 33333133 440; 1423314433 kral. 3312313. 363, 331,
2323 rybssm trhu 333. 333, 333, 331, 333, 333, 324. ·
Reformaoe katol. XLIII, XLIV. Viz Ne· 603, 313, 633, 666-333, 633, ·
33431131. 300, 311.
1139331134 1111110331(ἱὶ LII, CXXXIX, 609, Reverey (11111310 (10111113 695, 607, =
630, 343, 634. 11333333 1413133313 3633311, 382, 1
1132311333311333133333 bonorum 333, 603, 33 33334133 433, 433, 314, 338, ‘
030, 650. 1133133ρὶ3 XL, Imm 3. Sup 1
1133123333 1133310331 304, 377: 1131333113 1133333013 syn 1111131133, 15311411 ”
3. 34333333 03343 ,133, 311431, 332.
CLXII, (fhxlll, 333, 342-344, 323, 13343133611331313331. 333.

 

