558 1618.

Ρ11101101111001111 111011101111 01111, 1111 11111111011 011101 0111
1101101111 1 11111101101111 10111111 01110111 1 101111111100111 1 10011
1111 111101 011111 01110 11011111 1111011 11111 11011011 1110101111]
1011011 11000 Ρ111111 1111001111011 1 1101011110101 0111111101 opt·
11111110 1 10111111101110, 111111 01111110110101111 1111101111 1101111
1 0110111111 1011111111 1011010111100 01111110111101101011110 111111
111 10110 1111111111 1110101101 1110111110. Ti 1111101111ίοί 11101
1111111111, 111 11111011 11111011 1101 po 1111010111 a 110110011 110111
111111 1111111 1011111 1111010111 purgkmistru 1101101111 10101 111111,
111 111 00 110110111011111111, 111 1001101111 1111 111010 0110111111·
10111, 1111110-11 by je 111110 1011011111 11011111 1101) 10 by 0 1111101
011011110010111111, 111 11010 1101111111 1 1111 11101101 111010 10011011
1 11111011 byli. Item je Ρ111111Μ11001111011 1 1111011101 1 10 11010
Δ prava 10110101101101110111101111010111111010 1111111110 (1101110.
1111011110 1 111010110, 1110010011 1111 01011011 1110110 1111ᾰο011
vynnnati 10001, 1011111111011, budoucfm 11111 110101, 11οο
0110101111 111111 1 11001 1111 1 1111011111101 1011011101111 110
1111001111011110111 1111101111 1111110, 1011101011 011101011111100111
01110 1101) 1111011 111101, 1111010101 1111111 (1001101, 11110111 01101
10110101111110101111 (100111111100 00 1111111111 1 11011 010110 Fer·
dynanda, 10101 datum 11 11111 1111101111 v 10111111 po 1010οΙ111
1101101111 101101 11111 101110 11010110 1111101110 1111011110 11111110
01011011, 00 00 011111 10110101011101011011011111101111101111
1010110, 11011101 1001 oni Μ11001111111 00110111 1 1111010111 0100111011
byli, 11011110 1111111 1111 11011 111 11010111110 010110 1011111111
1110111110 1 101 111110 1101011 111111 vyzdvihujeme, 11111110110111110
11110 0111011010) 011010111 by‘ti 1 01111 11111011010111010
11111 1 10111010 11 1111110 1011011 10 1111001 111011001 10111
11111101, 1111 010111011111111110, 1110111011 1 1101111011 00 111
Item 1110100 10 11111111011101101101111100111110111101111, 10 1111100
11111011 11111111 11111111 1 101111 011, 111111111101011111 00 111101, 110
0111100111, 110101 010111111111 1001, 11010111110011111, 10111 111-
1001111 1010111010, 1110011101101 111111111011111 101 11111111
1011010 1111010 11111110 1 0110011111 10111111 01111111 110111. Item
11011111101111111111111101 11011 111111 01 1101011110 011111 101-
10101110 1 0110 1110 1011011110 1011111101 101 1011111111 proti 1111

 

