1⁶0⁷· 111

1 11111111 111111111111111111111111111111, 11111 111111111116111111
tyto (1111111111 11111111 1111 1111111 1111111111 1111111111 1111111 Μ111111
111111 1111111111 111111, 11 1111111 1111111111 1111111 1111111 11111111.
1111111111 11111111 1111111111 1111111111 tymi 1111111111 1111111111
1111111111111111111 1111111 11111111 1111111111, merom 1111 oni
1 1111111 111111 1111111 1111111111111111111 1111111111111111111111111111
111111, 11111111 (11111111, do 11111111111111111111111 11 1111111111 111111
11111111 1111111 byli, 1111111111111111111 1111111111111 muto vy·
11111111 1 11111111111111 1111, 111111 1111111111 jich 11111 111111-
11111111111111, 11111111 (11111111, summy 11 111111111111 11 11111111
11111 11111111111111111 111 1111111, ani platiti 1111111111, 111 1111
1111111111111111 1111111111. Ρ11 mm 11111 1111111111 111111 1111111-
11111111 tum 111111 1111111, 11111111 111111111111111111111111111-
11111 111111111111 111111, 11 1111111111111111 61111, 1111111111 11111,
111111 1111111111 11111 111111 111111 11111 111111111111111 1111111111
1 11111 1111 11111 (sie), 1111111111111111 1111 staron 11111111111111111111
1111111111 11111 111111 1111 k 1111111111 1111111 11111111, 111 11111111
111111111111 111111, 1111111111 1 1111111111, 111111 11111 1 1111111111
1111111111, 1111 11111111 my a 1111111111 1111 malove 111111 1111111111
1 1111 1111111111 111111 11111111 v 1111111 1111111111 1111111 ten 111111
111111 1111111 1111111111111111, 111 11111 11111111 111111111111 bem 11
1111111 11111111 11111111 1111, 11111 111111111111111111111111111 11111
1111111 1111 11111111, 1111111111, 111111 11111 11111111 1111111111 1 to
0s0bami 11111, 11111111 11 1111 1 1111111111 111111 11111111 61111111
k 11111 1111111 111111 111111 1 1111111. 111111 1111111 my 111 1111111111
1111 11111111 Com kdy 1111 sami 1111111111111111111 111111 11111
1 1111111111ἰί 11111111 11111111, 111111 my a 1111111111 111111111111ὒ1111
111111 11 11111111 11111 11111111 11111111 11111111111111111111111111,
11111 11111 11111111 111111 11111 1 1111 1111111 111 1111111 1111,
1111111 11111111 111111111111111111111, 111111111111 sami 111111 psi
111111111111111 1111 1111111111. Τ1111 111 tom 111111111111111111111
11111111 111111 Ρ1111111111, 111111, 11111 to 11111111111111 vopravo·
111111111111111 111111, tuto 11111111 11111111111111, 11 my ani 1111111111
111111111111101111 po 111 1111111 1111111111 11111111 domu 111111
111111 1111111111 11111111, 111 111111111111111111 111111111111, 11111
1111111111 111 1111111111, 111111· 111 11 111111, 11111111111111111111,

 

