XCIX

1111111111 1111010111 10111111101 11 11 1101101111 11111111 1111110
Ρ1111111 1011111111 11 1111111 111111, 111 0111111111 11111111 Ρ111111111
11111111111. 01111 11101011111011111111 11111. 1617 privilegia pro·
1111111 1111 11011 11111111, aby (1011111111 1111111111 nebyly 1111 1111111111
11 10111 1111111110 1 aby 01111Η1111111111111111) 0111111111 1111 po 1111-
kladu 111 111111Ρ1111111111 1101111 1110111111 111110 0111111111 11111110
10111111, 1111111111 1111111 010111 111111 11111110 koupiti 11111 1101111111)
1111111111 111101111111111111 11 (111111111111 1688 1111110 hylo ma·
11111111111111111111111111, 11 1111 11 1111111 101111111111 1 1011111111
1111111111 1111111111 Μ11011111111111111 11111 1101111111 1 110111 101111·
11111 11111110111111 1111111 1011010111111131) 1 (11011 1110 111111011,
111 1 11 k 1110111111 1110111111 10111111 1111111111, 11111Η111111111111 k tomu,
111 11 1111111111 0 10101111111101 111101111111101101111111, 111 1111111111
0111111 111 mesta Ρ1111111. Ρο 1111011111 1111111111 0 10 111101111 1101111110
111111 11 1111011111 1111101111Μ1110 Τ111111 11011001 11, 11 1111111 sou
zmoci 11111.11011101101111011011111111 11111110 pod 11111. 111111111111
1110111011, 111101 1 11111111 1111111111 10110111111, 111111 1111111110-
11111111111111 (stade r. 1139 bylo 11111110, aby 11110 11111110101111
111111101111111111Ρ11111111111 0111111011 11111111011111111 mest. 01-
1110111 0111011111 1. 1751 1111111111 privilegia, pokud 11111 11111111 111-
011101111111111 11111111, 1101111111 jim ktomu 11110, 1111101111
1111111 111111 1111111111 11110 1111 11111111011111111111 1111101111 a ko·
111111. 1156 1111111111 11111 1111011, 1011111111111101111111111111110
11111111. Ustanovila 111 tom, 11 111111 1111111 1101111 1111 1 111111, 11110
1111111 mesta Ρ1111111, 1111101111 prava 11111111111110111111111111111-
1111111, 11111111 1111111111 11110111111111111111011111111 1101110 111111
111111 111011 11111) 101111111111111111111011, 10111011011111011101111111
111111 11111, 11 1111 10 111111011101111111 11111110, 111111 mezi 1111111
Ρ1111111 1101111111 11111111, 1111011 1111 111 1110111 1111111) Ρ1111111111,
111101111111 1111111111 sou 1101111111, 1111111Ρ11111111011 111 111111

11011111 11111111 11111) 111101111, 111 11110 1111111 01011111 11110111111111
11111111 11011011 11111111, 1111111 1 1111111111 (1111.“

²⁵⁹) Sb. 1. 332.
¹⁹⁰) weingarten Codex 111. 119.

 

