412 1111.

11111 8111111 11111111111111, 1111111111 11111111111111 1 1111111111
1111111111 1111 11111111 1111111111, 11111111 11111 1111111111
1 (1111111111 privilegii 1111111 11111111, 1111111111, 1111111111 111
111111, 11111 111 1111111111 v 1111 11 §stoji obsahuj1 1111111111, 111
111111, 11111111 1111111111 1111111111 1111111 1 1111111111 11111
1111 111111111111 1111111 11111 111111111 11 1111111111111111111
11 111111 1111111 11111, 11111 11111111111111111 1 11111111 1111111
jich 111111 1 1111111111 11111111, 111111 111111 11111111 11111111
1111 11111111 111. 1 111111111111111111 111111111 1 111111111111111111
11111 Ρ1111111181111111111111, 111111 11111111 111111 11111,
11111 1111111, 1111111111, 1111111, 111111, 1111111111, 1111111111111
11111111 111111111111111, 1111111 1111 1111 od 1111111111 111111 1111
111111111111111 111111 1111111111111111 11111 111111 11111111
11111111 1111111111 111111 ¹) 1111111111 1 1111111111 privilegium
1111111 1111111111 1111111111, 11111 11111 11111111 111111 Maxi·
miliana 1111 i 111111 1111111 11111111 maji, 11111111 in 111111-
1111 forma obnovovati‚ 11111111111 111111111111111111111111 liutem
11111 1111111 11111111, 11111 111111 1111111, 1 raddon 1111111
111111111111, 1111111111111 11111111 1 1111111111 11111111 111
1111 11 111111 11111111111 1111111111111 111 11111 1111111 1 1111111
1111111111111111111, 111111111, 1111111111 1 11111 1111111111
1111111 111 1111111, 111 11111111111111 1 1111 8111111 mesta
1111111111 11111 privilegii 11111111 111111111111111111111111111111
11111 11 genere et 111111 11111 111111111111111111111111111111111

· 1 111111 Μ11111111111, jak} by 1111111111 11111111111111111111111

111 1111111111, 1111 111111, 111 11 111111111111111,1111111
1111, (11111111 1 111111111 11111111111111111111111 1 111111 11111
1111 1111111111 1111111111 11111111 1 11111111 1111111 1 na 1111111
11111 1111 1111111 11111 1111 1111. Co 11 111( privilegium 111111
111111 1111111111 11111 111111 1 111 1111 8111111 11111 1111-
111111 1111111111 1 1111111111111111 11111 111. 1111111111 11111111
111111 1 11 111111 11111111 111111 1 11111 1111111111 1111111111
1111111111 111111111 1 11111 1111111 1111111111 1111111111
Μ11111111111111111111 1111111, 1 1111111111 11111 11111111111111111111
111 11111111 (11111111 111111 Ρ11111111 11111111 11111 11 1111111111

-.--,

 

