(582 1704.

111111111111 1111111111111111111111111111111 (1111111111 ὔ1111111 1 111111
11111111111111111111ὒ111111111111111111, 11111111 11111111, 11 originali
knaii 1111111111 1111111111 111111111 11111 111 11111, jaki nzisleduje‚
111111111-11111111111 111111111111111 (1111111111111 11111111 dne 1111-
11111111 1111111111111111111 [11111111111111111111 1111111111 11111111111111
soudu 1111111111 11111111 v 1111111111 (11111111 11111 Ε111111111 111111
1111111111111111 111111 111ωωί111111, 1111111111111111111111 1111111.
pana Petra 1111111111 Straky 1 1111111111, 11 Η11111111 111111111111111
111111111111111, 11101111 1111111, 111111111111 11111111111111, 1111111111·
1111111 1 1111111111 [111111 111111111111 Ο1111111, pana 1111111111111·
11111111111111 11111111, 11 1111111, 1111111, 1111111111 1Η111111111111.
11101111 1111111, 1111111 1111111111 1111111111111 1111111111 1111111 Prai-
1111111, pana 1111111 1111111111110111111111111111111111 111 1118111
11111111, 11101111 111111111111 1111111111 1111111 1111111111111111111111
- 1111111 a mistopisaie v 1111111111 (11111111, jako i pana 1111111 11111111
8111111 1 11111111111111, 111 11101111 1111111 1111111111 pisaie 111111111111
111111 1111111111, 11111 11 mezi dilstojni 1111111111 panem 111111111-
111111111111111111 1111111111, 11111111Β11111111 1111111111 1 1111111111-
1111111 1111111111 11111111111111 1 111111, 111111110111111111111111111111
1111111111,11111111111111111111111111111, 111 1111111111 1111111111 11 misti
11111111111111111 111111Ρ1111111111 1111111 11111111 1111111111 1111-
1111111111111111, 11111111111111111111 jsou 11111 111111 1111111111
11111111111111111111111 Ε1111111111 111111 1111 11111111111101111 1111111111ι
11111111, 1111111111111111111, 111111 1111111 11 1111111 1111 1111111111
111111Ρ1111111111 1111111111111 1111111111 1111111111 [111111111111111
11111111 1111111111 1111111111111 1 1111111111 111111 1111111111111111111
111111 11111111, 1111)· se 1111111111 jisty‘ch 11111111111111 i 1111111 stram·
11111 1111111 1111111111 11111 111111111111111111111111111 111111 juris-
1111111 11 nich 1111111111, 1 1111111 11111 1111111111111111111111111111111111
Jistou 1111111111 11111111 111111 1111111111 od 11111111 1111111111111·
1111111 1 1111111111111ε ,011111 1111111111 fundos 11 jungis 11 unis·
jako 11111111· 11111111 proti 111111 1 1111111111111 1111111 1111111111
1111. 1111 1 111 111111 11111111111111 dal, 1111 1111111111 iis 11111
1111111111, 111 11111 1111 11111 111111111111111, 1111111111111111111
11111111 111111 1111111111 1111111111, 1111111111 pini kommissa'ri
1111111111111111111111111111 111111 11 1111111111111 111111) 1111111111

 

