23ss

1111111111111111111111111111, 11111111, 111111, 11111111111, 1111111111
111-1111111 11111 1111111111 1 111111 11111111111111, 1111111111
1111111111 1 11 11111111111 111111111111111111111111111111111111-
a 11111111 (11111111, 1 1111111 1111111 priuilegium 11111111 111111,
1111111 111111 1111111111111, 11 111111 111111 1 1111 111111111,
1111111 1111111 1111111 11 vtato slova: 111 11111111111 1 1111111111
1111111 1111111 amen. Κ1111 111111 1111111 11111111111111111 11111111
11111111. (1111111111 111111 1111111 11111 111111Κ1111Ι11. d. 11111111
1111111 30. 11111316 111. 13.) Μ11111111111111111111111 1111111111
111111111111111 1111111111, jich 11111111 1111111111111111, 111 111111
11111111 1111 11111111 111111, 111111 11 1111111 111 1111111111, 111
1 1111111 11111111111 1 1 1111111 1111111 11111111111111111 11111111,
1 1111111 11111111111111, 111111111111111 11111111, 1111111111111
priuilegium 11111111 111111 11111111 1111111111, 111111 111111111111
1111111 1111, 1 1111111, 11111111, 11111, 111111 1 111111111 ot 11111
111111111111111111111111111 1 1111 1111111111 1111111111 111111 111·
1111111 1 111111 1111111111 1111111, 11111 111111111111111111
11111, 1111111111, 1111111111, 1111111111 111111111111111111111111·
111111 11111111 111111, clausulam, 1111111111ιί 1111111111, 11111 11 ot
11111 k slovu 1 111111 listu 11111111111. A 111111 1 11111111, 111
11111111111 priuilegia se 111111 111111 11111 1111111111 11111111
1111, 111111 1 1111111111111 1111111. Proto} 11111111 111111 111111
111111 1111 11111111 11111111111111111 11 1111111111111111111111111
111111. Ρ1111111111 1111111111 111111, 11111 1111111111111111111111,
111, 11 11111111. Κ1111111111111 11 11111111 11111111111111111111111
11111 1 1111 111111 1111111111 1111111 1111111111] 11111111. Dan 1 Ρ1111
111 111111111111111111 1111111111 1111111 M⁰CCOC⁰LHII⁰‚ 1111111111
1111111111 1111111111 XIIII⁰ a (11111111 111111.

1111111111 ,Ρ1111 11111111“ 1 XV. 1111111 list 16 v 11111111111111111111
11111111 za 11111111 ,Ρ11111111111211111111 111111111 jich 111111“. - V registroeh
111111111111111111111111 11111111111Ρ11111111ο 1 r. 111-1113111. 3 1 (11111111
museum 1111 1111111111 1 111111 listu mkto: „Tento artykul 1111111111 111111·
11111 1111111111111111111111 1 1111 11111111111111111111111, (11111111 11. 111111
111111 1111111111 etc. Item 1111111 111111111111, 111 111 1111111111 1111111
movit& 111 11111111 1111 111 1111111111111, 111111111111111111111111·
1111111 111111111 11111111, 1111111 1 1111111111111111111, 11111 1111111111
1111111 1111111111 11111111 111111* -111111 tento 1111111 1111111111111111

 

