344 151³.

lc m'kmnu je'ne'mu zfem' miti, neila· 1111111Ίί. 1111εὰιέ zavazuje 11 km'l,

z'e 1111111 Ρναὶελῄ oetam ovobodny'm a ie hejhnan 1111111 pom ke knut·

blede'ti bade 1111110111ὶῇ1 11ιέ11, Jakoi i 1111 111111ὲῇ kra'le α’ 11111111
ΡναὶεΙεῶο opu-niti 1111111.

1111111111 11111 111111 111111, cosm, 11111111, 1111-
vatsky' 111. 11111111111111111 1111111111, 111111111181111111 1111111
1111111111 margkrabie 111, 11111111111111111111111111111 11111111 timu>
1111111 1111111, 1111 11111111 1111111111 111111 11111111 1111111111, 11111111
11111111 1111111111, viru a 1111111 1111111111 1111111111111111111111,
1111111111, 1111111111 1 obet, Praian i 11111111 1111111111 11111111 1111111111
(11111111 1 take 1111111111 11110111 11111111 1111111111 11111111, 1111111111
sou 1111 11111111, 111 1 1111111111111111111111 1 1111111111 1111111111, pst
1111111111 11111111111111111 11111111, abychom 111111 11111111 nato, ie 111
oni 1111111111 poddanl a komora 1111111111 11111 1111011111 (11111111
a 1111 1111111 1111111 (111, 1111111111, 111 11111111
11111111 1 0 111 1 11111111111111111111111111111111111011, 111111 mi·
11111111111 111111 1111111, 0 111 11111, 1111111111 1 jich 1111111111, 1111
111111 1111111111 1 nich od 1111111111 1111111111, prava, [1111111111
1111111111 neb outisky 111111, 1111111111 sou, 111 1 11111101 jsme tak
111111111111111, 11111111 11 111111 1111111111 11111111011111111 pak oni
11111111 1 11111 1111111 11111 1111111 1 1111111111 11111 1111111 111111 111111
1111111, ze nami, 1111 11111111 1111111111 1111111 1111111
11111111 mimo 1111111111111111111111111 1111111111, 1111 1111111111 11111111
11111 11111111, (1111111111 11111111 (1111111111 11111111, pfl 1111 11111, 111
11111 sou 11111111111111111111 1111 1111 11111 1111111111 11111111 11111
111 111111111111111 1111111111, k 1111111111 111111111111111111 i jieh
1111111111 1111111111, 111111 k 111111, synu 1111111111 11]·11111111111111 1111111111·
1111111 1 11111111 (1111111111 1 1111111111, 1111111011 jich 1 jich 1111111111,
11111111 1 1111111110111111, 1111111111 111111 111111111111111111111011111111,
11111111 1 je 11111111111111111111111111 11111111 1111111111 11111 1111111111.
My 11111110111111111 1111111111111 aza 111111111111111111111 11111111,
1111111111 111 (11111111111111 11111, (1111111111 1 1111111111 11111111 1111111

. 111111111111111111011111111111111 1011111111111111, 1 tom, 11111 oni
111111101111111111111111, jak} 11111111111111, 1111, 11111111 1 11111111 111111,
11111 11111111 1111111, 11111111 111111 1111111 11111111 11 111111111111 111-

 

