XLVIII

111111 11 11111111 1 11 11111111 111111 11111111 11111 111111 1111
111111 1111111, 1111111111 kral je v 11111, 1111111111 1111111111 11
11111111 11111 11111111 111111 1111111111111111 jeho 11 1111111111
111111111111, 1111 11111111, 11111 111111. Na 1111111 11111111111111-
11111 1 111 11111111 111111111 11111111 11 11111111 11111111 11-
1111111111111111, 111111111111111 magistratu 1111111111 11111111
111111 (11 11111 1111111111, 11111 11111 11111 1 1111111111 111-
1111111 1111111111 11111111111111 11 1111111111 1111111111 111.-
luje se 11111111 1111111111, 1111 11 111 1111111111 11111 1111111.
Ρ1111111111111 11111 111111 1111111111 11111111111 1111111111 se
1111111111111, 11 11111 1 1111 1111111111 1111111111 maji 11111111
1 111111 111111111 1 11 111111 11111111111111111111111 11111
1111111, 11111111 11111111 111111111 111111 11111111111111111 111·
1111111 je 1111 11·1111111““); 111111111111111111111111111111 1111111
11111111 11 111111 11111111, 11111111111111111111111, 111 11 11111
111111111 1111111111111 11111111111111111 11111 11111111111111111-
111111 1111111111 111 11111111 111111.“5) Ρ1111 11111111 1111111111 11·
1111111, 111111111 11111 1111111111 1111111111, 111111111111 11111;

111111111111111 1111 11111111 11111111 3011000 11. 81111111 1 No·
111111 1111111111111111111111 11111 11111111. 111111 1111 1111·
111111 111111 111111 111111 1111111111111 11111111 111111 1 11111
11111111111 111111111111111 11111 11111111, 11111 by na 1111 11111111
1111111111 111111, 1111111111 11111156) Κ111111111111111111, 1111-

¹³⁴) Srv. 111 sb. 1. 331.

¹⁵⁵) 11181111111 111111 11111 1111111111 111 1111111111111111111111.1111111 111
1111111111, 111 111 11111111 11. 1111111 1111111, 111. 1111111, 11111111111 111
11 11111111 11. 1111 11111111Ρ11111111. Srv. Ioannes Zieger Vademecum
juridico-practicum 111. 79.

¹⁵⁶) Sb. 111. 196 1101. -V 11111111 1111111. 326, 1111111 1 11111111 1111111
11111111111111111, 11 11111 1111111111 11 111.1111111111.1648-1610, na·
1111 11 11 111. 80 1111111111111111111 111112111111111649 111111 11111;
,1111111111 11111. 1111111111 11111111111111 bey 111111111111111111 1111
11111111 ad 1111111 11 11111111, 1111811 N. 111-1111111111 1111 rath 111
Alton stadt Prag 1111111111111 1111111111 ihrer bey 1118111111111111 15
111111111111 1111111111 1111111111 11111111 1111111111 1111111111 111
111111111111111111 11111111 111 1111. 111 111111. 111111 gethan 111111

 

