1348. 5111

1111311 131· 111311 1111331111 331131 1111111131 wir, (lasz 1111
311 1111 einen 11111131113131 3131311311111131 111131 113 (131 ge-
fiingnnsz ansbringen nolte und 113 31113131, 1131 131 biing 1113111131
11133333131 1111 1333131 111131 1113113113 mit 1131113311131 33111131
1111 11113111, 31· 1133 111 33131131· 1111311111 1111311111 1113, 11131· ihren
131111113131113113111-1131131 1113311131 111 13131331 1111131, 131331113
311311311311111331311 1313131· 11 33 Unsen 3311313113133 11131333313-
113113) 1111· 311131 11111311 1113133131 111 1113131131 werden 33113.
8331131311113, 1111111111131111131 heyden 01113131 oder ihren 331131
31331131 gen-nenton 111 1311131 1131113111, 1131313131 11131 1311333113-
1313111131-1111 13131311 und 1113131111 3313131 113113 111313 31331-
tion, als 1131 313 ,111311 11131, 111311111313311131113131113111113,
sn 33113 1131331131 1313311131111113311 (113131 113 111 1311113111-
1111331311 131111 und 33131311113131 311131 11 1111113131 3133111111 131)
131 1113113113113-111311111311111 giiltig angennnnmen 1111 i1n 111131131
113 1111313 1311113331 1113111111 111 1311131131 131131. 8131311131-
dens, 1111 31111 311 Jud (113 113113113111 1333131311 1113131) 3131
1313131131 1111 1311 111131-31113131 113 1311113131-11111331111111133-
3311131 1111 13111111131111131131131 13113, so 331131 313 1111, 1111
fall sie 1111 33131131 J 11131 nissen 1111131, 11131113113111311113111-
111311 111 131131131111 31311313311111111 seyn3 wo 313 1131· 1131111131
1131131133313311111 11111311, 111311 133331 113111111311111131111131,
noch 131· Christ 1113 111131, 13 13133113 31311 1133 131131131113 11
1111131 3131· 1111113131, mit grund 131331 31311313113111111113, 313
31113131 3311311 11131 111 3131131113113113111131, 1331131· 1311311113
13131113131 11113 33111131 1111111111 1313131131, noch 11311 11131·
313 31131311, 1111 311111, 131 313 3311133 131113311313 halben besting-
1113331 111111331111131 1111131, 1131331111131 13111111 313111111131111
11311131, 31113 111 313 311131113111111131311113113, 113111 1131113131
1111131· execution, 33111311 11311 13113113131131 11131· 1311311111
31111 cansan- cognitione 1113331111. Α3111313113113, 111113113311113111-
31131 111111 3111 11131111111-131·ιό1·- 3131· 11311 131· 1311111113113111131
1311311313, 1311 1313311131 1313111131331111311313, 13313313131 mit
andern 31111111113113111113111131 11 133311131131 11131311311111311131
1111311131· 1131131131 1333113131) 11 13111113111111131· 11113 1311111113,
11331 1311113111111131· 111131 131 ι11131 11311111131111131, 33111311 1311111

 

