1619. 613

vidui 13. 1111111808 (f. 179). -1’1 1111111 11111111. 14111111. 1111111111 m.
Prahy 111111 11 ,1111111111111111111111111111 11 111 111 1111110111 111 obeo
Nov6h0 1111111Ρ11111111111111111111 111111111ο“, 1 11 11111 111111 ο 11 1111111111,
11111 111111. prosince 1648 do 11111111111 1111111, 11111111111111111 1111111111-
111111,11111 1111111111111111111111111111 1111111 111111; 111111 1111111111 1111,
11111111111111 11111111. 111. 1. 11111111 11111ωὲ1111 11 111111111111111111111111
,1111111111 11111111111111 1111111111 11111 mezi J. 1111111111 panem 111111111111
z 1111111111 11111111 1111111111111 Ρ111111111111111 touto v 1111111111· 1111 111
11 11111 1 t& 111111111111111 1111111111 11111111 11111111, 1111111 1111111ιί111 1 radda,
1111 1111 plenarie 1111111111116 11111, 11111111 11111 1111111111111111111111
,11111111 1111111111 11. 1111111111 11 11111 11111 11111111· 1111118111111111111111
11111111 1111, 11111 1111 111111111111111111111811111111111111 11111111 11111-
11111111 1 1111111111 1111111 1111111111 111111 111111 IV. de (1111 1318, 8 Martii
vydany'm‚ 1111110111Ρ11111111111 11. 11111111111111111 11111111111111111 11 po·
111111111111111 111111111111111111 1111111111, 1 111 11111 1111111111, 1111111, 1111111111,
111111 1111111111111 (11111111111111111111111111111111111 JMsti 1111 1111 11111 01111
,11111 111111 1111111 1111111111.“ 111. 11111111, 1111 1111111 1111111111111, 111111
111111111111111 111 1. 1111 11111111 111111111111 1 111111111111111 11111111 111111
1111111111, 1111111111, 111111 111111111111811111111111111111111 1111111111, 1111111
1111 11 1 11111 11111111 11111111 111111 1111111111. V 11. 9. (1111111111 1111111111111
,1111111111 11111 11111111111118111111111111111 titul 11111111111111111“, 1ο·
1111111 11 ,1111111111 1 1111111111 11111111 1111 111 (11111111 1111111111 111 111 archiv&

obce‚⁰ 11 111 (11111111 1111111 1 ,111 titul v 111111111111111111111 1111111 1111111111111
111 11111 11111ο 111. 111111111111 k 1111111111 111111 za 111111111111111111Ι 1111111,
1111 111 1111111111111111111111111111 111111 a 1111111 1111111111 11111111 1111 (lily
81111111111111 11111111 1111 1111111111111111 11111 1111111111. 111. 18. 1111 1111111
111111111111111 1111, 11111 1111111111111111111111111 1111111111 11111. V 11. 11.

1111111 ,111111 111 11111 1111111111, 11111111 na 1111111 111111 1111111611 111111
11111111Ι 11 1111111111, 11111 111111 1111111111 11 11. Ρ1111111 111111, 11111Ζ1111111111,
111111111111111111111 11111 8111111, (11111 11111 1111111111 11111111 (11111 11111 decreti·
de datis 1 Martii 1615 1Ρ11111111111111111 1 111111 1647 11111111111111 11111 111·
1111111 1111. 1111111 111111111111111 1 (11111111 111111111111111 1111 111111 11111111
1111111 1 11111111 11111 11 111111 11111111 11111111111111 11111111 (1111 111111111111
1111111111 1111111111 1111, 1111 11111111 111 1111111111 111111 11111 111111111111
1 11111111 111111 1111111111, 11111111 1111111 11111111 11111111 1 11111111 1111111111 111·
11111111 1111111111 1111 nemen& 11111 111111 1111111111 se 11111 11111111 nich
1111111 1111111111 1111, 1111· 1111111· 1111111111 1111111 11111111 11111111 byli, 1111111
111111111111111111, 111111 0111 11111. 111 11111111 1111111111 11111 1111111111
111111 1 111111, 111111 1111111 11111111 1111111 1111, 11111111 1 (1111111111 1111111111
1 1111111111111 11111111 111111 11111111, 1 111111111111 1111111111 11 1111111111 11111
111111 11111111 11111 1111 1111111111 1111 1111111111111111Ι 1111111111ῐὶ 111111111,
111111 11111. 1111111111 11111111 1111, 11111. 11111111 11111 111111111111111111111 11-

 

