1532.

62. 222.
1532. 19. 22222222. 11222 2221222.

Kra'l Ferdinand I. 22222122 2221 od purhmistra a 2222 8122222 ondeta ¹

Raielce'ho 2222122122 kop qr. ὖ 2221222222 21212 summa! 222 222122.

22222222 22222222 2222222222 a 2222112222, aby 122 na 2222212222 2 8122222
222211 a 21222212 212222 222212 ΡναΞεΙιὸτη 22 2222222221.

My Ferdynand z 222 milosti 22122212, po 21222 easy roz· '

mnozitel 122 a Uhersky‘‚ 2222, 221222, 2222222 ete. 22,
. infant 2112222211, 2221221121122222226 2 2121212126 2122112222, Lucem·
222226 2 2122226 22112 2 12211222 1222212121 212, 2222122222 1122212
{istem 22221 222222, 12 jsme od 22211222222221212122222222 2122622
226212 22122622, 2222222 222122 1211222, 222112122 kop 2222222 2222222
1221222212 k 2211222 2221 2222222116 2 21126 222221212222222122211
22221111 222111, 2221 pal< 21212 2221 222 2 2212 22 2211222212 purgmistra
2 12222 1 221 2122 12221 222222 8122622 121212 1222122622 2222122
222222222 2 2222222 2 (221221222222212222211222122 112121 2222121
2122( 122212 od 22222222222212122 rabiem protoz znaj1c my
212226 12211, 22222221 mim k 122226 2222222112 2211222 22212211222
122222 2122212221 22 2221222222222 2222222211 22222222221221211222
2 222 22112122 2221 2221 2222222 bez 2222222211, 222 1122222221 purg·
221212, radda i 222222 obeo 222222 81226112ωὲ212 122122622, 2226221
1 222221, 12222622 221212211222 2222 11212 kop 2222222 2222222 222221
2212211 2 221212 12226 22222 2212211, 2 2222212 2222221212, 22222 2121212
2222222, 222 2122222 1222222 2212222 2212222 22222 22222
2 222212 2122222226 2212122, 1211112 22 222211212122 222222 2222122
(1222222 22122222, (122212 2 222122 22 2122, 2212212122, 22222
1 221 21222 2122622 222212 Ρ2212262ο, 2 2221 2222 222221122222 2211·
jaty'ch 2222222 222 2221112222 12 28122612 122211 Ρ22122622, 1211112
2222122622 222222 222 2112, 21216221 2221221 2 22112221 po 21222122
222122, 2221222 (sic) (1222222 212226 2212211, by'ti 222222, 2 tom 212622
22222122, 2221221 21222226 2221 2 my po nich, 2222112 1221 22222,
2212222 2 2222122222 1222 2 221221 2 2 2112221 2211222111, 2122 22
221 (22222211 2 21112 22 22112, 2212212 12 21121221, 212 2212, 22212222
2122222121 222121, 2221212 2222222, 222221222212 221 222222221222112

 

