CLII

1111111111111111 111111111111111, 11111 1111 11111 11111 1111111111
1 11111111111111 1111111111, jen} 11 11111111111111 1111111111111-
1,·111111111111 111 111111111111. Jak 11 samo sebon 1111111, 11111
11111 11 1111111 1111 1111111111 1111111111 11111111111111 11111111 jich
1111111111111111 ke 11111111. 11111 11 1111 1111111111 1111111111, 111
11111 1111111111111111111111111 dle 1111111ῐί 11111111 text byl 111111
11111111 1111 1111111111 varianti} 11111 1111111 1111111111 11111
11111 1111111111. K 11111111 1111111111 1111 jenom 1111111111 11111111·
11111111, kde 11111111 11111111111111111111111111111 1111 1111111111
podati 111111 jeji regest.

Ζ 111111 vtomto 11111111 11111 111111111111 111111 111111111- ,ἶ
1111111 11 11111111111111111.’”) 11111111 jich stala 11 1111111111 1
1111111111 r. 1541 11111111111111111111111 magistratum 1111111111( fi
jich 111111 111111 1111111111 1111111111 1111111111( 11111 1 1111111111 11 ¹
1111111111 1111111111 neb rukopisnych chovanych. 1111111111111111·
11111111 11111111, 111111 11111 111111 1111111 1111111 1111111111, 111111
1111 11111111 1111111111 111111 11 1111111 privilegii, 111 1111111111 ἒ
111111 Prahy 11111 1111111111 111 1111111111111111111111 hyla, 11111
1111111111 11111ρί11111, 1111111111111 1111111 111111 111111 1111111
11111 1111111 111111111111 1111111111.

1111111111 111111 Ρ1111 1111111 11 11111111111 listiny 1111111
111111, (11111 1111111111 11 1111 1111111111 Ι. 11 privilegia 111111
111111 1111111 all. 11 listiny 1111111111. Ρ1111 1111111111 1111 91 listin5
1111111 (111111111111111111 to 111111 1111111 11111111 11111111 1111111111,

1 111111111111111111111 1111 11111111 1111111111 111111. Ρ111111111111
tyto 1111111111111111 bylydruhdy dle jednotlivyoh 11111 1111111111
11111111 11111111 archiva} 11111111111111 111111 111111 1 1111 po
r. 1850 jedinou 11111111. Uved tyto 111111 1111111111 1111111111, jak
1111111 11 jich 1111 1111111111 1111111 1111111 1111111111 (1111111111 11111,

——„..—..-

²⁸³) Z 1111111111111111 a 1111 1239 listin 111111 r. 114111111111111111 41
a 11 116 listin po 11147 1111111111 5⁶. Ζ 111111 97 11111111111111111·
1111111111 11111181111111 111111 41 (ze 167 111111111111), 11111111 111111
10 (1 65), Μ111 11111121 (1 50), Η1111111111 4 (1 8), 11111111 11111 Ρ111116 3,
111111 1111111111 1 11111111 111111 8 (1 22), 111111 11. 11111 3(1 5) 1 111111
2 (1311). Ρ11111111111111111 1 1111111111Ρ11111111 1111111111 se pouze v 111·
1111111111 11111111.

 

