CLI

1101011 110010, 11111 10001 11111 1 (1001001 00 1110101010, 110110
01010110 1010 0111111 101 by'ti pojatn.³⁷⁶) 11010 0110111 0110 1110110100
5 111010 10101 vy'sady 1011011111111 1011111111010111011111 01011
10101011 1101111010911) 10101011 11010 tn 110110 (10 1011111001
1111110111 8101010 11001ος 10110110 10111101109110001001010001111110
111· 00011 nili 10011011110 11010 01. 10101010 1011 Ρο1111011 101
Mmfflmffifflfflfflmfflmwmmmmwffiffl
1110101 0110101 1100111 1011 10111011 00 1 111111ος1111 Μο1001101011111.*’”)
Ι Κο10010 111010, 10 1010 0111110 1111110111 11001 1110101101 110
11110101101101011110 1011111000 10110101 11011101010111 1100101010
· 10001001, 11111010 100 1101011111 111 1010111 1101001011, 11011111
0010111 010101000110010101101011010101) 01010111 00 110111001011,
1111101 10 51010111 1100111 1010110 11010100011100111111 1101110011
110111 10111011 101 10111101011311) 0101 10 10101110 11001111 110-
hfflfflfflQQWMWffimmffifflffmwfflva
11101110 (1111011111 1101011111 0110 101 1101001011 nn nvobody 00111010,
101111 001110111010 11001 1111101101 001011 1100101010. Ρο1011101
1110101011 neb 1011110101 1 1101110011 0101111 11010 0 0101011, 01111100
101111 0101 100101011 1 1010 10111, 110110 01010110 01111 0101 11010
01011011 1011010 01011 00 1010101101 0101010111 010111 1100101010. Ρο-
1010111 1101 1010100 privilegii 1111101101 11111101101010001101010, 1110-
&mmmmmfflwmmammmffioemessmwmu
11001010101110111111 11111011 11011, 10101011 101110, 0110111 0110
11111 1101001011 1011010 1111 1110 10010110 1011010111111011110101101
10101111 1011101011 0110101010, 1111111 original& 1010111101110010101011
10010101101, 11011110 010111 0101 00 101110 111 1010101011 101010
1110 1110111111.3”)

.--——-— ..-

²²⁶) Ο 010011 privilegii 0100 11101010 11101111 nme 1110 1010111011101010111
1 1101010111 ense 0 1101110111 tom 10110 11011110 10101010 001111 Antonin
1111101101 011001 0 001011 1001001010110011 10111 11108.10(1101871 nd-
1110101111101111111 0110011011 10101101.

³³²1 sb. 0. 00, 00, 00, 01, 100 0101.

³³¹1 Sb. 0. 61, 10111300 n 311, 11 10111 13150333.

²³⁹„ 01, n. 11, nn, 11, 10, 10, 101, 100, 101, 001110100111.

’111 sb. 0. 0, 00, 01, 00, 00, 101110 0111.

'⁶¹1 sb. 0. 100, 114, 110, 100, 100, 111, 110, 010, 011, 100100-100.

⁸⁸²1 Sb. 0. 160, 351 0, 101310 0 322.

 

