CXLVI

11111111 1111111111 11 11111, aby 11111 1111 1111111 1111. 1111111111 1111111
11111 111111111111 111111111111 16. prosince 1183 11111111 1111
1111111 1111 111111 1 1111111, 1111 11111 ,1 11 minuta“.⁸-⁶⁸) Obec d
1111 sice r. 18118 1111111 na 11111111 11111111111111111,111111 1111. 11
111111111111111111111 11 1111 1111111 11 1111111111, 111111 1111111111]
1111111111 111111 11111 11 11111111111111111111 1111111111. Ν111111111111
11111111111 111 1111111111111111111 1111111111 111 nich, 1111111
11111111111111111111 11 11111111 11111.

15. Olejne‘. 1111111111111 privilegiemi‚ 111111 1. 1808 11111 11
111111 1111111111, 11111111 1111111111 1111111111 1 r. 1488, 11111111
111111 bylo 11111111 111111, 1111111111 1111111111, 11111111 11111111
111111 111111 11 1111111111 1 1111 oben byla 1111111111 11111111 dn·
ze 1111111111 11111361 Pravo 11 1111111 1111111111 1111111111
1111111111, 111 1111111111. 1181 1 1111111111 1111111111, 11111111
11111111 1111111111 1111111111 1111, (1111111111, 11 1111111111 111111
111111 111 1111111111111111111 1111111. 0111111111 (1111111111 1111111
1111111 1111111 11111 1 11111111 1111113101 111111111111111111111
111111 1111111 1111111 11111111111 11 11111 1111111 1111111111) 1111111
11111111 1 111 11111111111111111.

111111111111111-1111111 11111111111 privilegis 11111Ρ111111111
1111111111, 11 1111 111111 1111111 1111 1 111111, 111111 1111111111
1111111111 1111111111 1111111 1111111, 11111111 1111111111, 1111111111111
1111 111111111111 11111, 1 11111111 11111111 11111 1 1111111111 a*
11111 11111111 1111111111111 111111111111111 1111 1111111 1111111111 p
obce 1111111111 11111111 11111 1 1111111111, 1111111 111111111111111111
111111 1111111111111111111111 111111 1111111111 111111111111111111
11111 11111111111111111. 111111111111111111 1111111111 1111111 1111
1111111 111 1111111111111111, 11 1111111 1111111111111111111111111 farn]
11111111 11111111 1111111111, na 1111111 1111111 1111111111 11111111, 11

⁴⁸⁸) 11. 11881111111111111 11111111 1111111111. 37 111. 1 obeo 1111111111 sob·
11 1111111111 1111111111 1111111111 11111 11111111 11111111 111111 11111181
11111111. 11. 11116 11111111 111111 1111111 111111111111112111.

⁴⁸⁸) Sb. 11. 11111.

⁸¹⁰) 11111 11111111. 1111 1 111181 1111111111 111. Ρ1111 1111111 11111111. 1801 s
11 111. 11 1·. 11111 - 111 11. 39 111.

 

