GXIII

se v 1111111111111 11 1ο 1111111111 (1111111 111111111111111111. Gu-
11111111111 1111111111 11 dne 11111111141111111111 111111111111
1111111ο1111111111111111, jak 1111 11 111111 111111 1111111111111
11111111 11111 11111111. 111111111111 1111111111111 bylo 11111111 11-
1111 1111111 11111 do 11111 111-11 ο 11111 do 50011, bylo jim 11-
11111111111111111 magistratu, a 1111111111 11 111111 11111 1111111111
11111111, 0 novou 111111 neb 11111111111111111, bylo k 11111 11111
1111111 11111111. Ρ11 tom 1111111111 11, 1111111111 1111111 1 (11111111
11111111 1111 11111 1111111111 11111 11 1111111111 do 1111111111111111
1111111111 gubernia 11111128.1111ο1111 1785 1111111111 11 111
1111111111111111111 1111111 0111111 11111111, 111111 11 1111111111 111
111111111111111111, 111 1111111111 111111 (1111111111 1111 Ρ111-

11111111111111, jak by 11 111111 11111111 11111 1111111111, 11 ,ι

11111111 1111 co 1111111111111111111. Κ111111111111 111111111-
11111111111111 11111111, 11111111 1111111, 11 1111111 11111111 11111111
11111111 1 111111111 111111, obeam (11111111 1111111 111111111
’ 111111 1111111111111 1 1111 111111111111111111111111, 11111111 111
³ 1111111111 1111 1111111111, 11111 11 11 111 1111111111111 1111111 1111111
³ 11111111, 11111 11111111111111111111111 do 11111111111 to, 11
-’ 11111111 11111. Protokol 1111 1111111 1111 11 1111 1111111111 11111111
1111111111111111111 nasledujmichssffi) 11111 1 1111111 1111111111
” 11111111, 111111 11111 11111 magistratu 11111111111111111 111111111111-
1111111111, 11111111111111111 11111 11 nesti, 111111111111 11111111111
11111111 (111111111111111 1111, 1111111 (111111111111111 1111111
111111 1111111111 11111111. 1111111111 11111 poda] 11111 111111 k 11·
1111, 111 111 tom 11111 1111111 1 1111111111 1111111111 11 dno
12. 111111 1181 11111111 111 hylo voliti si 111 111111111111111111-
11111111), 11111 11 11111111 1111111 111111111111111111 1111111111111
1111111111, 111111 111111 1111111111. Po 11111111 111111 1111111111·
11111111 111111111111111 111111 111111 111111111111 1111111111111
1111. 1111111111 11111111111 1111111111 11111111111111 11111111 hylo
1111 1111111111. 0111111111111111 1111111111 11111111 111111, 1111-

1111 11 1111 1111111 ,11111 111111111 1111111111 111111111111111-

²⁰⁷) 1111111. 11111 1111111 m. Prahy.

 

