493 1333.

331311 a 31133 13313 33333113 11333133 131313 Ρ3333113113133131 3311311311,
33311311 1 31133111311111311 1131111311 3331113311 3 3133 13 genere 31 specie
1131113 333131 majestatum 313313 Ferdynanda, 13111 by jim 11113 1333
3 111131131111311313311331313331) 3113333313, 3 tom 33 33331, 331 se 1311333
3 31133311, 11333 333311 3 3333133313 3131131311 13333113 1131113113 svo·
1131133 3 1333313133 3313311 3 33 11333331 31313)1 basy 1333 1313133331
3113311 3331111 3133313311. 3113131333 13333 33133313133313. 13 111111
1331333313 1113331113 131313 Ρ1313113113 3 311333 3331133331 3133331333
3131311 ajiny'ch zemsky‘ch 3113 3313313 nei 3311113 33111331 3 1131111111
1 333111313131133113 311 obmyslny'ch a 13113313131111311313131111111 se
131113 3 313333 11311, 11311333111313 133133131313113311331331 131113 na·
11333311, 3113 3333133331 111311 313313 1313333333 33 333311 33311131
vsvy' 3333, 3331131313 3 31331 1133 3133313111Ι 3333133313, ani 331133 13333
jiny' 331331, 33111133 3311311313 3131111331 33113331 31133311 3333131, 11333113
33 333311 3111133311 3 [111333333133131311113331113 33331 131333 3331331313
313113 33333111, verbalem smyslu i 3 313333 1131131 313331 1331331311
3333333331131333111133333 hylo. Co 33 3311 11111331111113131 13333313
31331113 1313311 1331111313 333113 1333111311113 ad beneplacitum 3313311113
do 33131311331131313 11133 3313131 11133131, ty 31 311313
3331133133333131 den aby jich 31131133]Ι 313311 33313311 33133131 amoti
333131, 3111133 13133 11333333, aby [111 1313 311 33313, 3333313313
3331331313 3333111 3331311313 313. 11133 3 3113311313, 33Ρ333311311313
31333311 113131, 1111331 3 333333311311133 3331 1 3 3333331311 33131111
3333311 3331133331 byli, 3313313133 331133331133 33313 31333333 3 3133·
3313133111 111313331313333133 1133113113, 1133311113 1 1133333131, 33311113 nasim
3311313, 3113313 3331333333 3313313113, 11333313 3 31133 1133311113 133313
Ρ1313113113, 31313111 1113113331, 331113 1333313113, 311 1131133313 3113333331
331133133133331313331 1 13113 31111331 1133311 3333311 13113311 13331311 113111.
1111311 3 (13113333 3 1133313 3331133311, 1311331311 jim 3 tom 3131131311
33313133 331113313 113333313111333313333131133 pod 33313333131113333 .
333311331111331313313113 313. 131131333311311331331 3 k 13133 3133311331
1131133313 1111333 31313 1113113, jednu polovici do komory 11331 3131113113 etc.
3 11331133 tymi 3313113 3 31131 1113331113 333313 Ρ1333113113, 3333131113
1 1133333131, 11113131 1133113133, 1111313333 13113 1311313113 3 3331313333
33 3313331311311331111 313111 1131331331, 1113311311133111 3 11311 33313331

113113. ,13311133 33113 13113331Ρ133333 1131131113 13331311333113113, ny·

 

