X

111111111111111111 r. 11111 11111111111111 11111111 1111111111111 1111111111
(1111111111111. 1519 na 111111· 1111111111 11111111· 1111111111 111111.

’111111 1111111111 0111111111 11111111. 1111111111111 1111111111 1111111111
1111111111111111111111, 11111111 111111, 11111111ιί se 1111111111 11111 111111111111111
1111111111 111111 11111111 1111111111 vo. 1111111111ῑί statui 1111111111111-
valo, 1111111111 111111. 1111111111· 1111111111111111 1111111111 1111111111111 vo
1111111 11111111111111, 1111111111 a (dmentem 1111111111111. 111 1111111111·
11111111 maji se 1111111111 1111111111 11111111 1 11111111, 11ἱ z 1111111111
1111111111111111111111111 jin} 111111111111111, ’11111111 111111 1111111111111111 11111111-
11111111 1111111111] 1111111111 a 1111111111. rte. 1111111111 1111111111111 111111111111·
111111111111111111111 1111111111111 se 11111111 1111111111111 1111111 1111111 i 1111
11111111 1111111, 111 11111111 11111 1 11111111111111111 1111111111 11111111 lze:
1111111111 1111111111 1111111111 11111111111111 11111111 1111111111 11111111 11111 11111111·
1111111111 111111 11111111 111111111111111111 1111111111 11111 1111111111 1111111111
11111111θί111· 1111111111111111 1111111.

1111111111 1111111111111111111111111111 1111111111111111111111 1. 111111 1111111111
1111111111 111111· 11111111111111111 1111111111 1111111111, 111111111111111111111111
1111111 11111 1111111 111111111111111 1· 11111 111111 111111111111111111 1111111111111 neb
11111111 1111111111,1111111111 su 1111111111111. 111111 111111111111111111 11111111
1111111111τί ina 1111111 11111111111111 privilegia 1111111111 i u‹l{=lovali 111111,
1111111 1111111111 11111 11111111 1111111111ιί 1. 11111111 1111111111, 11111111 1 111111-
1111 11111111 111111111111111111111 1111111111 11111111 11111111 1111111111111· st·
1111111111111111111111111111111 1111111111 1111111, 11111111 i 111111111111111 11111111
1111111111 11. 1 1111111111 Ι11111111 1· 1111111111· 111111 11111· 1111111111111111111 so
111111111111 1111111111111111111111111111 1111111.

Tim 1111111111111111111 1111111111ιρ 1111111111 11111111111111111111 1111111.
1111111111111111 1111111111 111111 1111111111 11111111 1111111111111 111111 Ικ11111111111111
1111111111 η1111111111111111111111111111111ιι 1111111111111111111 ,1111111111 se 1111.
1111111111 11111111, 1111111 1111111111ῑί 111111111111111111111111111111111 1111111111
1111111111, 1111111 111 11111111. 1111111111 1111111111 1111111 111111. 1111111111
111111· 1111111111 1111111111 11111111· 1111111111 1111111111 11111 maji 11111111 1111·
111111 1111111111. 111111 11111111 11111 1111111 k 11111 111111111111111111111111
11111111 1111111111111111111111111111111111111111111111ῐί 1111111111 111111111111111
111111111111,1111111111 11111 111 1111111111 111111-1111111 11111111 11111· 111111,
1111113Ι 111111111111111111111Ι 1111111· 111·’1Ι1·-1111111111’111 Ι11111111111111 1111111111 11111111
1111111111 1111111111 11111111111111111111 11111111111111111111111 1111111111111111111111111111

 

