5455 1629.

00010101 0011 jednomu 10111100 10111101, 00010110] 1 1011000110, (1010
1010011 1111010111 (10011110 11101110 0110100010, 0010011001 0 0111011
0010 jiny'm 0101110 1011101, 111 (110 10110011 011110 0101010001111 010110
11010110 1110111110, 0000 0110100 0 0100 001010 0000110111110, 010010 Ρ10·
1001101 bez 10110010011 111101011, (11111011 0 1011000101 0011011 1111111
10010011, 01001111 0001 01011 1011010 00100101 100111 1001111. K Jejichito
00011001 11110011 0 010011 1010100110 11011111 0111000011 011110 mi·
1001111001100101 00000001101101010110001011, 001101 0101οἰ0 1111010101,
01011110011100011 001101] 10110011 a 10001 1111010100 1010110 (1111100
0010000 ktomu jsme povoliti 0000 a mocl listu 0οο0 povolovati
a jim 0011100100 Μο100110001010, 00010110] 1 1011000111, 0110000000
1011001110111 1111100; 1011110, 0100 ihned od datum 11010 1011010 0010110
jim purgmistru, 1011111, 01011110 01000110, jak 111 01101 00010101 101
1 jednomu 10111100 1 1011100111 11111101, 11010110 00111101 do 000101-
nosti jich 1011100011 10 000100111101000111011101, 11010 1011011 111·
101011110011110, 00111001 (1011000, bez 101001 0011111101011, (11111011
0101000101 001101 1111111001001, 0100111ἰο 001101 obeo 101 1 101-
11001 Μο1001100111, 0001011 1 11010001, 110101 (101100 1011001000, 101
0 00010110 0010010 0101 0110101011 1 0101111 10111011 111101 1011010111
111 01οί Ρ10100110100 0 0101101100 0110100 1000100 010110 0010111011,
10111 0101101101 0 000001 (11110111, (11011110, 11110011 0 1110100011 01110-
001011, do desk 00111 111011, 00 sebe 10100101110111010101111111110010,
0100110110 1 01001 00110111 01010101011, 110100 (110101, 11001 1 jin&
001110111 110111 mohli 0 00010100 1101110011 0111, 01011011, 0111101011οῙ
0 10110011, 110100110101010111 01011110111011, 00101Ρ101001 Stam-
10101111 011 (1011011 1001010011 1 001001000111 010100111011, 1 0010111001
Μο1001100111 1110101 00010101 1 101100 101010 10111101, 0001111 1 11010001,
10010 110110 10111110 00100101 byli 0 jich 0111011 0001100 budouel
11101 1000; 0111001011ιο 1000101, 0110 001 10111001 Μο1001100111, 00-
01011 1 10010001, 011 (1011001 10110011 0011 01001011 0111101011 jim
0110101010 110011 110101, (111101 0 00001011101101 1001101101 11011 bez
0011, 1110110111 010100010110011011111111 10010011 1 0100011 110011 1111
110110011 01011110 0 0100100011. 1010101 01110100000 0010101101ιο

0011011110101010, 10111101 10001110 (1001 1010010101, 111 01000] 11010
0110101011ιο 0 01011110 111101 1111010111 (10011110, 0001011110 1 1101001110,
0101101001000001 01111000 11101001100011, 0001011111010001, 011 1110

 

