LXVIII

111111,ιι 1111111,11111111111111 11111111111111111, ale 11111 maji
1111111 a 1111 111111, 1111 maji duochody a 111 1111111111.α 1101
111111111111111111 1111111111 11111111ς 111111111111111111 11-
111111111111111111111. V 11111 1581 11111111 1111111111 1 1111111111.
1111111111 1111 1111111 11111111 11111 1111111 11111Τ11111 ,11111 111111·
1111, 1111111 1111111111 111111111111111111111 1111111111 11111111 111111
· 11111111111111111111111“ 1 1111 11111 11111111, 11 ty 111111111111111
11111 k 11111 111111 11 1111111111, 11111 11 11111111 (111111 11 1111111
1111111111 1111111111111111 1111111111111 po 14111111 1111. 111
1111111, 111111 11 1111 1 1111111111 1111111111 1111111111 11111111 roku
vydava.²¹¹) Tnn 1111111111 11 1111111 Mal& strany na 1111 01111111
ar. 1610 1111111111 11 1111111 11111111 11111111, jak 1111111 11111111. who,
11 111111111 1111111111 11111111 1111 jim 1111111111 policii i 11

11111111 111111111111. ²¹²)
Ηο1111111111 1111111 11111 11111111 11 111 debe 111111111111111
1111111111111111 1111111111 1111111 (1111111111. Τ11 r. 1570 11111111

²¹⁰) 11111111111111 11111111111111111111.Ρ-101 11111Ρ. 3.

¹¹¹) Kvatem 111111 1111111. 1587 1111111 19 v (11111111 1111111111

²¹²) Srv. pozn. 1. 131. - 11111111111111111111111111111111111111 1609 111111
Budolfovi 11. 11111111 1111, 11111111 1111111 adali, 1111,11111111111111111
1111 11111111 1 11. ,1111 1011111, 11111 pod horon Sion, 1111 1 1101111111
1 111111 1111111111 byla¹⁴ kaladem 1111 1111111111111, 111 1111111111 11111111
Τ1111111111111111,1111111111111 1111111111 1111111111, 1111 111 plut 11111111
11111111111111111111 11111 1111111111 11111 1111111111. Postrmni pra'vo
81111111111 11111111 11111 11111111 11111111 11111111111 1111111 111111
11111111· 11111, 111 1111111111 11111111111. Ρ1111 111111111111111111111, ,11
111 8111111111 1111111111111111111111111 1111111, 1111111111 1111111111-
manu 11111111111111111 11111111 11 1111111111, 1111111111111111 1111111111.
1111111 1111111 1 nich 1 tom se 1111111 dan, 1111111111 111111 byn, 111 se
to 111111 1111111 1111111 11111111 11111 1111111“. Ρ111111ο1111 11111111 1101
1111111111, 11 1111111111 111111111111111 ,111111 (1111111111, 1111111111, 111·
1111111111 1111111111 1 1111111111 11111111 a sobci 1111111111111111111111 11-
111111, 111111 11111 111111 11111111 111111 11 111111 11111111 1111111 1111111
11111111111111 1111111111 11111111 lidi 11111111111111111111111111111 dopon-
11111* 1111111 11 co toho 1111111, 1111111 1 111 1111111111 1111111111111
1111111111 ph'hodou, tu 11111111 11111111 1111111111 (1111111111, 111111 i 11111
11111111 hylo, 1111111111 1111111 1111 se to 1111111111, 1111 111 to jich
nodbanliwstf 11111111.

 

