(txx'lss

111111 11111 111111111111111111 10111111 11111 11101101111111 11111111
1111111111, 1111111 120. 110111190111111 10111 Π.

1111111111111111111 10111111 11111111101 mu 1111110111110-
1111111111111 11011110 agenta 10101 111011 k 111111 1101011011 11,
aby mu byla 1011111111 privilegii 111111; 111111 1101111111 1111111111
11 11127. 11111 1790 0110111110 mu, 11111011111101111111110·
111110111111 1111111 11 1111111111 101111111111 10111111. 1 novy'
1110111111 1111111 101111111111101110111111111. 01111 111 je 0110111
1011111111 1111111111, 11111 za 10 111111 111110 1111111111 11 0 1011, 11
1 111111111111110 je 111111111. Ρ1111111 111110 1011111111 1111111111
11111 1 11111 11111111 01101Ρ111111111110 1011111111 1 1111111111 01-
11011110, 10111111 11111111111, 11111111101111111111,111 1111 11111
1111111111111 0111 11111111111111 10111111, 11 11111 1011111111
10111111 privilegia. 1111110 10111, 1111111 11110 by 111111101111111
pracovalo 11 k 011111111 0111111111111111, 10111, 1 11111101111111111
11111111111111111 a 1111101111 01101111101 10 1111111 1111111 11-
1111 111110 0111111 1111111111111, 11111111111110 111110, 1111111
1111101111 111 11 1111111 1110111111 0111111 11101111 111111.

Μ11111111 1111111 1101 1111111 10111101111111111111111111 sobe}
01111, 1011110111, 11 privilegia plati 1110111, 111101 1110111110 11111
11 jich 11111111111110 aneni jeho 1111011 1111101111 1110110. Ζ1-
10111 10111 111011 11111011, aby 11111111 1101010111 0111111111
1101111 11011111 1111101111 11111 11111, kdy ajaky'm 1111011111 111·
1111011110 privilegia Ρ1111111 11111111. 0101111111 1111111111 11 111 23.
1111 1190101111 0110111, 111111111111 1 1101011011 11011111 111111
1111 11110111 11 1111111111, 111111 101111 111111 11 11 1111111, 11.

11111111 11111 10111111 011 privilegia 111111 1111111111, 111111 0111 11111111

10111 111111111 11 1111 1101111111 1111111111 11111111 1110111111.
1111 11111110 111111101011Π. 111111 18. 11101111 1190 vy-
11111, 1111 11111110 11011 111011111111111111111311) 10111 magistrat
1101111 obeo Ρ1111111 21. 1110111191 10101 1111111111 111011, 1111
10111111111111 11111111 privilegia Ρ1111111, 11111 1111111 1101111111
11111111111 11011111. Ρ11 1011 11111111 11011 1111 10111 11111011 na 10,

⁸¹²) 8011111111 111 (1111111 1111111. 11101011Π. 1111111. 111 118.

 

