LX

Proto 1010 110101110010 1010 81111111, 1011010101111 1011111111 mu 110
11010 10010 stara 1010 privilegia, 001010111100 1010 000111111011110
‘ 100011011101101111101011011 1111101οΜ101011111011110110101
111010111111 1100101011 101010101110 0110111, 11111 1011111 01010-
10111 011111 1011110111, 101 10 00 01010 01110111 1000 1011111 10
0101011101 11101 Ρ10101101.

10111110 00 101010 0100 Μο1001101011 1011 111111011, 0101110 se.
1011110 0 10, aby 010 01010 vy‘sady 0111111011001111110110, 111010-
1111, 011. 8101011101111 1 010, 11011 11101101 11111011, 11 1110111101
1000 10 (11111111 111010 0011101111, 011 11011010 0010110111 10110-
1111 01001111 11111011, 011 011101010 Μο1001101111 01 Δ placem 010 10
110011 0010101011 00111011, 1110101 11000 011 0111 1101100 10110

. domu 8001010 01111011 0110111 810101101011011111011110111111-

111011101101011 1111010. Ζο1111 1101011 1011011 8101011010101101
0011 10110111 0 11111111 10, 10 0111111110 00 0 nimi 1111001011 1101
1111111 dssem 11101111, 10101 1 110111 001. 11061011101, 101110
k 11111111101110111101110011 1 111101 11101110 011111 01001010 (10-
10110101. ²⁹⁵) Povzbuzeni 111110 1101101011 10001111 00 0111101011 0011
1011101 1110101101 010101 0 1110110011, 11011 11111 0111111010 Ρ101011
1010 1001 1111010. Κ111 1110110101 01110111 101 10 10111101 10 111001
1101110110110101010, 10101110 00, 10 0100 sam 11101 111011 10111011
10111011011 011011 01010111 1011111, 011 si v 10111011001111010
1 10111 0100 00110 1011111110 0111001011 0110101010, 1010 10 8101011
01101011 111011. 1110111 1010 00101011] 101011111 01 (111011 01111111
1101111110 do komory 110101010; 101010111 11011, 10111001110011,
(111100 domy 1111011, maji s 0101 111111 0110111 10 10100 101011
0 1100111 podobizn0u; 111101 k 0101111111 11111110111111 001101010011
1011 111 0 01. Μο11011 0 10111111 1111 101001 1001010 01. 1010
110010 10110100 pod 100000 v 1001010 0000. 11)]

1’1811 143 0 117. Κ111 1111 10111111 1. 1160 privilegia, 101 1101111111 111011
od 011010 8111111010 011110 1101101010 11111010 hyla. Ζ11111101 10111110;
01101 00110 00 11111110, 1101100,10101110 10111 1010101111011101111-
1110111-

¹¹⁵) Sb. 011. 160 0111.

¹⁸) sb. 0 100, 100, 100, 100100 0 010.

 

