CXLII

11111 111111 1111111111 to 111111 11111111 111 1111111111 11111111,
111111 11111 1ῖ52 (11111111 11111111, aby 11111111 (11111111 1 111
1 11111111 1111111111111111111111111111111 1111111111 111111. Na
1111111111 11111111 1 11111111 magistratu 81111111111111111 1111111111
11111111111111111Τ111111 (1111111111 11 dne 12. prosince 1752, 11 od
1. 111111 1713 111118111111111111 11111111 111111111111111111111111
1111111111 a 1111111 11111111, 11111111 111 1111111111 1111111111 11111111.
11111111 1111111111 11111111111111 1111111111] 11111111 111111113561
V 11111 111111 11111111. 1111111 11111111 111111111111111181111111
111111. 11111111 (1111111111 11 dne 2. listopadu 11111111 1111111111,
11 111111 11111111 111111 11111111 1111111111 1111111111111111, 11111
k 1111111111 1111111111 1 11111111 1111111111, 111111 (1111111111 11 11111
. 1111111 1111111111 1111111111 1111111111, 111111 111111 11111 1111111111.
Proto 11111 od 1. 11111 17 83 11111111 111111 1111111111 1111111111 se
1111111111 1111111 11111111 11111111, 11 111111111111 111111111111
1111111111 111111 1111111111 1111111351) 1111111111 111111111111111111
1111111111 1185 1111111111 111 11111 1111111111 11 militare 1 11111111-
1111 11111 1111111111. 11111111 11 1111111 1111111111, 111 11111111
1111111111 11111111 se pro obec 111 11111 1 1111111111. 1111111113551
11111111111111111111111. 111111 1111 ol& 1111111 1111111111 11 dne
28. 1111111806 1111 11111111 11111111 1111 ela 1111111 1111111111
1 1111111 1111 1111111111 1111111111111 vosku3 11111 1111111111111
1111111111 11 dne 5. 11111111 18οῑ 1111111 sou 111111 1111111111
1 11111111 1111111 1111111 1111111111, (111111 11111 1111111111 1111111311
1111 11111111 11111111 1111111111 privilegii 11. 11191 1511111-

²⁸‘) Liber momonbilim 11100 1111 111 1 archim 11 111111. 8111111111
11111111, 11 tin 1111111 11111 1111113111 11 1111ωό11111 1111111111
11116 1110 11111111 1. 1181 1111111111 1111111 1111111 111111 111111
1111111 mni 1ιὸ m 11111 misto 111111111111111111,111111321111111
1 38110 :L 111111.

³⁵²) 111111 5111111111 ,111111 11111111 11. &heim 11111111. 11111111* 11111. 191.

⁸³⁸1 [111 1111111111 (asto 1111111111 11 dne 11 1111111111 1ῖ85 111111 11111 ponzo
desdobyeijei setallwssujto aa fimesnickoukwjei 1111
101) 11 1 111111 m 111111, ja 11 1111 let 11 1111111251111111111111-
1111111118 1111111 11111 1 subuculam pina, 1111. 1185 11111113Ιὸ1 xl.

³⁵³) ,Sub 1111111, 111111111111111111 moja* 1.·13111111111 11 111111.

 

