1111. 251

1111111 11111111 na dluhy od 1111111111 1111111111οά 111111 11111-
111111111111 111111 111111111111111111 11111111111111, 11111 1111111
11111111111, 11 1111111111 111111 111111111111 1111 11111111 1111-
111111 1111 11111, 11111111 1111111 a 11111111111111 11111111111111
1111111111 1111111 1111111111111111 11111111, 1 111111111 dlu-
11111, 1111111111 1111111111 neb 1111111111 1111111111111, 11111 111111-
1111111111111111111111, 111111 11111111 1111 11111111, 1111 1111
1111111111 11111111 11111111 11111111111111111111111 11111111, obci
1111111111 111111111111111111, 11 11111 1111111111 1111111111 111-
1111111 11111111 1111111 11 11111111111111 1111111111111111111 111111
nesti, a 111 11 1111111111 1111 1111111111 11111111 1111111111 111
1111111111111 11111111 11111111, to 1111111111 11111111 111111111-
malou 111111111111111111, 11111111111 11 1111111111111111111, vy·
1111111 1111111. 1111111111 111 111 11111 111111 dluhuov a 11111
1111111111111, 11 1111 11111 11111111, 11111111 od 111 1 11111111
1111111 111111 1 11111111, 11111 by 1111111111 mohli. A 111111 11111
1 11111111 111111 1 111 1111111111111111 11111 111111 1111111111111
1111 1111111111 (11111111 1 1111111111 11111111111111111111111111111-
1111, 1111111 111111 11111111111 111111, 1111111111, 11111111 listy, na
11111 111 1111 dluhy a (11111111111111111111111111111 111 111-
11111 1111 1111111111, 11111111 1 1111111111 111 111111 11111111111
111111, 1111111 1111111111111, 111111111, 111111, 1111111 1111 11111-
11111, 1111111111111111 1111 11111111111111111111111 11111111, 11111
1 1111111, 11111111 1111111 11111111, 111111(1111111111111111111111,
11 11111 1 1111111 11111111 111111 111111 1111111 11111111111, 1ο-
1111111 by 111111 1111111 1111 111 1111111111 111111, 1111111 1111111,
11111 1111111111 11111 11111 1111111 1111111111 1111111111 1111111111111
1 11111 1111111111 111111111111 1111111111 111111 111111 11111111
1 1111111111 1111 111111 1111111, 11111 111111 11111111 1111111111-

1111111111 111111 11111111111 111111111111 k 1111 1111 1111111,
11111 111111 111111111111111 1111111111111, 11 11111 11111111, zdvi-
11111, 11111111, 111111111, 1111 1111111111111111 11 111 1111111111,
(11111111, 111111, 1111111111, 11111111, 1111111, 11111111 1 1 111
1111111111 1111111 1111111111111111111. Α 11 11111111111 111 1ο-
111111 1111 111111111111, 1111111111 11111, 11111111 11111111111111
11111111 1 1111111111 1111111111111 1 11111111 1111111111111111111111,

 

