. LXXXV

11101 1111010101 1100105011 0051 ,010111101011101100500 111 111111110-
10110101 0101110111 10 5110 pry‘ 10110 11010011 101100110; 011011 1111 00,
101011100181010111101011105 5110 1 1111010111Ρ1010111111 11110110 vy-
01111οἯ3) .

1111110151ον 1101121. 1011110 1509 1011110 00011051100100 1010
1011010111 1111011 dosadil na 1101110111, 10 itam 1001 ,ν105ρ1010,“ vy·
101 1011010111 1. 1510 01514 1101011101011111 1101101001111 110010-
505101010111 1101110111 v 100 1011110010011 11110 1101111, jak& sou-
10011101 810101111οῐ0 051110101141

1100 1111011011 11111010 101010 00 5110 po 1110111111ορ0111 mezi 0511110
111011 01151 10111011 0101111010 05011 111101 0 1111110110 10, 11011111001111-
1011111 00110100 1111010111 0001101101 1110011011 151011 proti oligarchickym
01151111 1101105 010111, 01010 00 30. srpna 1518 po 11011 0101110111.
1101111 dvi} 1111010 11010111 01101110 00 tu v 10110 0011110 1111010 Ρ1010110,
10501 01111111 101110 0011111010 1011101111 ana 1111 1110110 110051001110,
0111111 0111105011 0500 0501. 10111010 1011011015100111101111110 .‘
11005050 1111111. 1111111111 10151010111011 05100101010011105011111101, vy- ⁸
10101000500111111 1011015101001115010110111111 1011010111, 101101111111 ¹
ferdinandovi I. ρ1110111001,0519. 1111 1528 011111011101510111 0501 ·
1111011011, 101 hyla 101 0110511111 1050 00000011111005111010111 001110-
111111 0500111 110 1101111110. Potvrdil nerrve 0111011111 1111011011- ι
0101111. 15119, by 110 50110001 1001 11111110 0101101100 1001110111 111101
1100111 0101051010 10111101 1105 k 10 10111011001111111100001, 051 1110111 ’
01110111 1111110. [1111111111 1111 005511110011 051 1111010 ,1111011110 01111-
00511, 1011 0515110 (1001010010 0 (10010 prav0“ 10511011] 1050111110 ,
105011 1111101005 1011 dle 010 11110, 0010110010, 10110101115010 111100
31111011 0011111 111111 0 1100101111 0110001011.ἳὸ51 501001101111101101011
00105111 101110, 10 ,1100101 den, v 1111111 01001 1101·οΙ 1 1111111105 10101* -
010 ,ὃ10101111010111111 11011 1101011501 11100010ιι 3²⁵⁶) 011011 5110 01111010

--

²⁸²) Sb. 1. 307 aScriptores rerum bohemicarum 111 str. 272-278, 304-307. 1

²³⁴) Sb. 1. 001, 110 0101. ἢ

²⁵⁸) Scriptores 1010015050111.111. 011. 411, 1101100010 1110111110 11010111 011. 14
0185,Βο01101011050 1500111110 1. 011. 46, 81151111 (1001101. str. 1711 01111150 X
101011010101, 331 1101 A 1. v 01051111 m. Prahy.

25’111011010101110111110 011. 186.

 

