0101. (503

0111011 0 0111101 directe, 111 0111111111 k Ι101100ιο0 1101111100 011010 0 00
1100 0101 1010110111 0000011101, 110010110010111, 1110110010110100111, 11011
000110, 010010 0011 001011 1000100010, ,11001 101 10101110 00. 0000110.-
111011010, 11010 00111001 0110111. Α ι101101 jsou za 11111. 0010110011 0101-
1110111 110100118101010101111 10 pfl 010 1· 110011000011 1111101111011, 0111
10 110111100110100111110 1011010111 0010110 (1001111110 1111110011 1-1· 1 1111110
ι1011001110 10010101101110 0000101101εο 11111111· 0110100 10101110 1110 010-
10111 Ι11011101 ‹lodis-noh«) 0000101110 1000111010ιεὶ 0 1111101010111011 1110111011
jich, 11111 001101110110111011, 0101011001 110010 0010010 1101100001011001100-
00111111011, 00 01100 81011110 011010 1101010110) 01011001 0 01010101 100-
0010, 01110 001110010111101 1110100100 810000101011110. 1111001 110110111-
0111010110 1100111100111101111 (1111110101 1101111001ιο 000110, 0101110100
Ι1101011010100 11010111 0100101«“01·11)·1101111111 1110110110. 11000 0100. 00110110
0011011001111111110, 1011100110ιο 11001000 0 1011110011ιο 01101111011011 1110-
10101011 00011 0010110101 11101101, 0000110111ιο 1111ος 1011101011110110111
01000101111011011 1000 1111110010001111010011 ι1100100101111 0100 jiz 00-
]011000 0101 k 01111111101001 0010010 1011010110ιο 0111001111100 101111001
01101010101101’11110’·110110100011 0111100, 101 10100001011011000 11000011,
011111111ιο1 11011 1111 0011010 (1011001101 0011110110 1110111111ιο 0111010111
1011 0100 0100101111100011110 1111111100 0011110001100 00 1011110-
100011 0101110. 0 011 0111010110) 100110001110 0101 1 0011110001 111011011ιο
0011110. 1011111000 10100000110011010010101Ι 0 1001010101101 1101111010
111010 1101010 001110 0111100011, 11011110110110000101(το11011111,00-
0000· 110 0010011110 10001001 0011 110 (1011101 1001011101 1· 1001010111
000001 11011ιέ11100 110111·ιο 01010 0101111101 1010011110001 1111, 01111001
110101111111101100 1010, 1 10010001 0111011ς Ι101101 pal(v 001 sami Pra-
1001· 1011011111 1101111111 1110110110ιο 0011 0010001100 00 01101111· 01101111
0 10 k 0101110010 0110011101 00 1010 0011 1 001111100010011 001100101-
101010Ἰ 0001011111οΙ 0010 0011 jim 11101101010000 1101100011101011 100011
1110100. (11001011 1· 1111001 1010010110 11011 1110101111111. 1100100100
101οι0101110 1101110. 000111011110111100101001 1101101101 0010001, 1111 pro
10011101 1101111010001 0011110010110111111101 100011110100111110110111001,
11101010001100 00 1010111Ιο01 111οι1001010 00001101101 00111 011010
1000011001 00110101101111010010 00101111. 10011 01010001· 1111111 ι10010 00
011010 10110 101110 Ι1101011 1· 000101101101011 0001111011 ,1110 1101011100 0111·-
1001011 10110110111101· 00011 0010011 1110111101 00111 01001010101001010101Ι

 

