Privilegia 1001111 01111 11111111.

01110111 1011111 1111111 111111111Ρ1111111011, 1. 15471 111111
101111111111111111011111111111111111, 111111 1111111111 do 0111111110
11011111 stare 1111110111 11010111111, 111101111110 11 1 0111111111
1111111111 111111101111Π., 1110101111 11 11 111110111111111 1101-
1111111 11111111 101111111011110116 1111111 11 11111, 111101 1111111-
11111111111 1111011 11011 1111111 11 placen& a 1110111111 1111111111.

1111110111 1111101111 Mario Τ111111 1111101110 sobe 11 10, 11
101111 101111 11011 11 1111111011 nevyhovuje 1011111111 101111 ze
1111111111 1111111 0111111110 1111011111 01111111 11111110111111111, 1111011
(1011111111 111 1111011 111111 1111111101] 11111111110111111 1 11110111
0111111111 1111101111 1111101 1111 1110111110 11111111 111110 11111111-
11111 01011111. 811110011111111 11111011110111 11. 01111111 1. 1772
1101111111 11101111 1111111 1111111111, 1111111111 1111111111 1111011111
111111111111101111111111 1 spravy obecm 1111111011Ρ1111111011 1 111111
se pozoru 1101111 1111111 00111111. 811101111Ιί11101100111011111110, pro&
111111 111111 11111 1111111111)1 1 1111111011Ῡωί 1101111111Ῠωί 111111
1101111 i 11111111 011111011111111111,’ 1111110 1111111111 1101111111 0111-
111111111 111111111111 11111111 111111 magistrat. Poukazuje k 11111111
1110111111, jei by z 10110 111111, kdyby Praha 1101111 jedinou obec,
1111110111, aby 11101111 11111111 111111 1101111 11 1111111 apro spo·

1 1110101111 1111111 11 Jediny' soud 1 jedna rada 11111111. 0111011011]
¹ 11111111] tim, 11 111011110111111111111 11111 1110110 &asu a 1111111
1111001111111111110110111011111 11 do 11111011 111101. 11111111 11111
111111, aby gubernium a soud 11111111 1111111 1111110111 (111111 11111·
11111 1111111111 1 1101 11101111111111111 1111111011111111111111, 111 je
11ςὶ1111111 111111 0111111 (10111111. Η11111111111111111111111111011 11-
11111111, 11111. 1101111111 a 1111 11111 1111111111 11111111 1111111111

 

