502 Ι ¹ 1606.

(11111. 1 archivum. 11111111. 61. 8101101101011011111101. - Β110 po·
tvrdili 10110 list: 1111111 10 vidui 30. ledna 1613, Ferdinand¹ 11. 10111111011111
1011, 1011111111 111. 1110111111 11. 111111 1619, 11110101011010 Vidm' 10101111
1111 1111111011. 10111111 11111110 1808 11110111).

10. 101.

16116. 1111101111. 111111111011.

6110111011οῇ II. ddva' iidt‘cm Praisky'm 1001111011, ie k 011110000άηὶ star·

110111111001111011, 01000101 1101011011 α 1101110110 soemo maji z obee 0010100

volite] 101011 01101111 u 101100100111101ά1.11101001110100011 jehu 1111111κο
01101 a 11111 10001001 (111010 poemeni pr'edloii.

1111011010. 11101 111111 11111 1111111 11111011011110111, 10
1011 10 mezi 111111 101 111101 od 111011 101111 0110101111 111111 neb
1111110111011 nimi volem 1101011111, 101 10 1101 11111010 1011, 11111
1011 radda neb 111111 1101 011010111111 meli, 11111 10101010110100
111 110111, 111 011 1011 1101111 1111111111011111 01001111111111101·
1110, 1111100 1011 01111111111111111 1101 1111011101 k 111101 (11101.
01110 hodae, 11011 by se k 11 praei a 1011110011 101111, 111 1011111
111 mezi nimi 01011011110111111 11010111 111, 11101011111111
01011 10 1101 10101111 11110 110111110111Μο110101110111101110111
1010 11110 11111 01011 110111 11111011 110110 110111 111111οῃ1 110
1111011111111 010. 111011110· 111101111 1111101 101011 110110101101
11111101 1110111110 pro budoucl 111111, 111 111 1011 11111011 111
101010 10111111 11 11110101 1111 1111111011 1110101111 byli, se s 1111
(1010101111 11111110, 111 011 1111010111 111 01101011 mezi 1111111111
101 11111101011011110 101011 1111110101 0101101οθ 0101010, 11011
11 1111101111 111111, 1111010011 111111 1110111110, mule 101110 010
1010, 1110101111 1101 10101111 1110111 1111111101 01111111 1101110111
1111111111 1011011 110111 10111101111 1011111 010. Dan na 111111
Ρ11111έ11 1 11101 po laetare 1606.

Vy'pis 111011 p. 11011110 1011111110 1111 11111111 11011101 v 1101111111·
11110 musea.

 

