1666. - 427

01661666 1 1661161161 privilegii 11616666161161 616616 1611166166 1116
v 1161116116 13. 116166 1619 1, 6. 79 1616111166. Prahy 6116116116166161616
1111616116666110 76 6611616 171 1 6116161166 616116 11661 1666116116 1161 potem·

16116111 11616. - List 166 1611161111 1611116666 11. 16 vidui 7. 661166 1617, ¹

Ferdinand 111. v 1161116116 16. 111166 1619, 116661616616 16111111 16. 661166
1717 6 1166111611. 16 1111161 13. 1111116 11108 (f, 78).

1 66. 166.

1662. 26. 1116166. 111661161611.

61661Ρ611111161111 Ι. 11661666161161111616116, 1166611111 i 661 6161 81616116
1116616 1161616716 6161111661 6 1161161616 uad 1161116116 otatky 11 1616116
6 adduam 16161116.

My Ferdynand 111611 6116611 161611 11116611 61661, po 116611
6611666661 166 a 66661, 6611, 6661611, 6666166166.
1161, infant v Η16116111, 616116116 1161661616, 6611116116 Μ6161611,
[6166661616 6 1161616 116116 6116611611 6611116116 616.,616666166
11616 1161661166, 16161 666 11611 66116116 161661661116116111-
6116116 6161161666 1 111 61161 81616116 61616 6616116 Ρ1616116116, 11611- ·
116616 661116 1111161 61116, 6616611166 6161111 6111611 1 1161116116
6 16116116 16161116 61166111111611, 6111111116 11661 6111661616 66166611,
16661 6 1611111611 616, 616166666116116661616116 1161666 6661161,
6611 11611 1661611, 161661, 1611611611 6 11611 6161111 6 platy pozuostaviti
161111, 1 166666 611 116118616616161111161611666 1616 16111616 pro-
66166661611666611666666666666661666616666,
syna 661616 6616116111116 1616116611, 61661611 6 1166161611 1616 1111111,
66161166 1161 81616166616116 11616661 6 161161616 6611 1661611 6 616111
k 16166 6 16116116 1816166 66611 Ρ16161616 6116111111 1 6116611
6611 61661616 1111111116 1666 11611 6 161111111161111; 11161 1111666666 66
161616 1611611 1166116116116611 6 6166 6616116 1611616611 6166161111 po-
6161666 1111161616 6 11666, 1616116 16616 616 661, 11616661 666
16116111 1161111661 6 1611616111111611661 66116 1 1161116166 166611666116116
111111 6111661116 6 61661611111111, 11666 1616 6161616161 dal 61116116,
61111611161116 1611616 1611661116 11111 6 6166161661 1616 11116166 111166
1661616111 hyla, 661661611661 1161186166661611611116166611 66 16611
61616161, 1 16166 6 16116116 6616111161, 6611116161611, 6 11611116 161-

 

