CXXV

nebyly. Nikde asp01'1 vpn'vilegilch neobmezuje 10 11011 1111111 10 dobu

1011011111 111110, joni 10111101 11111101 1101111011 101111 0011110111,
011110 1101111011 10110011 10 1101111011 0 k 1101000011 1011011111 101011-
1011 basto 11011111101111110 0110110011, 1011. 10 01100 1111111 0 011111111
0 1101100 pouze 11101101 1111111110 nuceny 1101011 11011 10 01101011 011011
11101311) Κ1011110110010110101110 11111111 1111010110 111101011110111
10110111 1011111010 1111110111 pochybnostem 0 11011111 10110 1111111101-
10101010 0110010 1111111011 01011011 10110. Το1110 vXVII. 110101110101
11010111 101010100111 0111101110 10111011, 1011111101 10111111 1110110011,
111111 se 1101011111, 10111111 za 11101011 10101101011 10110, 00111011,
111 se 1011011 10 1101111011 1111111010 psi 1101110 111111 1011111110 10
1110111111 platnosti, kdyby 1111110 1101000011111011111 1011001110 po·
1111011 jeho 111101110110111010. 1110100111οω 10110 1101001111 1011001011
’ hy'ti skutky 11001 101101οά1110; 011011 1101111 pozby'ti platnosti nepo-
111111 11110011 1011011 01111011 1111111110111111 010110 1010111101111
jieh novy'm 101011110101111 11111100 od 0110111011 11110111, 111010

1101111 1011 11101110, 01 11111101011 1011111111. 8110111 11111110 .

10111111101110011111111011, 101 0010101110 111010 od 1011110111 11110111
10 1010 01111011 1111 1111111 10 1111111 a 111010 (10111 1110111001 privilegii,
pokud nejsou 1111010 neb 11111110 01011 pokud 11001111011111111011111
0 1011101111, 1010111110 01111 Ι11010111 1 1100011 11011, 101101 s 11111110 11-
11010111 11101111111 1111011113) Ustanovenim 11011111, 10 1111111111
11111101111011011 1 1111110111 1011111011 1011101101οῑ1 0 (1011111 1101111111,
1011111Ιο 00 1011100 11110111101111 ministerstvu dati 1100 111111 1111010111
skutky 11001 11101010110, jaky'mi pn'vilegia nikdy 11111 1011011010,
111111 (1010 se mu pouze 11110111110011111011 1101101111, 1011111011
majestat odporuje 0101111110 11110111 neb 10111011, 111111 11101011 11110·
1010 10, 10 1111110110 m0h0u jenom 1011011 1011010111111 1011101111
1110110011 0011111911)

11111111 11001111 1111111, 111010 01 1100101111110 1101111011 privilegii
1. 18118 1 ,1111010011 010111011011“ u 11011010101111111, 1101111011
10111 1111 101100 10110111 111111 panovnicky'ch 111111 1111011111 Ρ101011111

³²²) Srv. 11111. 138, 141, 142 a 180. .
³²³) Srv, ἓξ. 0 0 13 0. 0111. 1111.
au) Srv. Pfaff und Hoffmann u. m. Str. 350 P⁰²¹¹⁶ ²51·

 

