LI'III

1111 se 1111 1111111101111 10111, 11 1111111111 1111111 11110111111111, 1111
1111 10 (10111111 11111111 111111 11111111 1111 1111111, 11111 1111111111
11 ta 01011011, 1111 1111 01111111 jeho vkoruunIm 11111111 11111-
111111111111 11110111 111 11101011 11 11111 111111 - 11110 by 11111
10110 1111110 - 0110111110 11110 1110111111, 1111111 111111 1. 1381
kral 1111111 IV. 1110111111 11111111, 111111 11 11111011111111111 Mag-
1111111111111, 0110111111 11111111111 do 11111111111.“*)

0111111111 privilegiemi, 111 1 110111 11111111111111111111111 111111
11111111 hyla 1111111 11111 11 1111 1111101110, 101111110 jest 1111011111
01111111111111 1 11110111 10111111101111 1011111111 jeho. Upravuje
se 1 nich nejpwe 11111111011 101111 1111111110 111110111111, 1111111111
1111111111, 111111 01111111 10110111 111111, 111101 11111111 (11111111
1011111111 k 111111 od 1111011111 111111111111, maji 1011111111 11111
1110111110 101111 1111111 1111111 11111115) 1111111111 11011111 10-
11111111 11111 011111 1011111111 1101111111, 111111 1111111111 1101111 110·
111111, maji 11110 11111111 11111111 110 dluhy (1011111101 1011111111
11011111 1. 1381 1111011111 1 01111111 1111111111. ¹⁸⁶) Pokud 11 01111-
11011111111101111 11111111 1111, 1111101111 Iisty 1110111111, 11 11111111
111111111111 11 111111, 111111 111101 od 111101111101101101111, 111101
11110111 1111111111 1111111111 maji 11111111] 0111111 11111111 111-
1111 11111111 i ti, 11101 maji pozemky 11111111 1111111111 1111) 111-
by‘vajI 11 1111111111, 1111111 1101111111, 11111 tam 11111111 1111
11101111 111111 1111111111 1 11110111 1111111 0110110111, 11111111 k obei
amajl proto 111 1011111111 1011111111 1111111111. ¹⁸¹) Obci, 111111110-
1111111111111011111 tyto sbIrky 0111111111 1011111111, 10101111 11
1. 1338 11111111 (11111111, jako 11 8111111 111111, 1111111110 11 111-
11111 110111ος 11378111111111111 11 11111111 111111 101111111111111
20 1101 11111, 111111 1111111111 1111111110111111111111 110 11110111
111111, 1 1. 1383 11111111 11 jI 1111011111111 1111111 11 1011 do 111111

¹³⁴) Srv. Tomek 111111Ρ1111111. 111. 808 11888.Ρ1110111 Formolbucher 11. 111,
118 a &asapia (11111110 Muses 1888111. 818.

¹¹¹⁵) Sb. 1.. 18, 18 1 ⁶⁶3 Emler Reg. 11 1. 8848 a III 1731178. 811111Το11111
DIj. m. 11111111 111. 428.

' wfflssmwwnm
wffissmmmwma

 

