XXXIX

Nezbyvalo 1111111111 111111111111, 11111 1111111 11111111 1111111111 11
1111, aby 111111 1111111111, 11111 do r. 1547 na 11111111 1111111111
1111111, 1111111111111111111,111111111 11111111 11 1111 11111111
se 1111111 1111111111 do r. 1620 1111111111 1111111111111111111111
111111111111111111111. Ν111111 11 111 1111 11111111111111111, 111
11 byli pouze 1111 1111111111 1111111111, 11111 111111 1 1111111111,
111 pro 111111111111111 platily.

11111111111111 1111111 11111 111111 bylo sepaa'ni pra‘v 1111111111,
111 1111111 8111111111 111111Ρ11111111111111 11111111 ,1111111-
cipali 1111111111111 quondam 1111 Pragensi, to 11111 1111 8111111
111111 11111111111111111 1 111111 1111111111111 1111111111 1 1111-
11111 1111111111 111111 1 k 11111 1111111111 11111 1111111111. 11111111
1. 15791111111 111 11111111) 11111 1111111, 111 1111111111111111111
1 1111111111111111 (11. C 33-L 10) a 11111111] (Μ 1-S 16), 11111 ’
1 111111111111 111111 1111111111 1 111111111111111111111 11111111
1111111111 1 1111111111 (Α ‹Io—C 32, L 17-32 1 S 17-T 12), byla
dImyslny‘m 1111111111 11111111 11111111 1 111111 1111111 11111 11
11111111 1 1111111111 11111111, 111111111 11111 1111111111, 111-

11111 1111111111 111111 1 1111111111 111111, 1 11111 11111 1. 1141
(1111111 1111111111. Τ11 111 1111111111 11111111111111111111111111
1111111111 11111, 111 1118111111 111111 1111111111 11111 1111111111 11111
11111111111111111, 111 11111111 11111111111111111 1111111111 11
1111111 81111111111111 11111111 111111 1111111 byla η01, 111 1111111
1111111111, aby se 11111111111111111111111, 11111111111111111111111111
1111111111 111111111111111111, 11111111 1 11111 1111111111 11111111

Ἢ

1111111 1 1111111, 11111 by 11 1111111 Ρ11111111 1111111111, 111111111111,
„uby 111111 111111 1111111111 1 1111111, 11111111 1111111, 111111 111111
111111 1111111111 11111111 11111111111, do 1111111111 11111 (1111116
1110111 11111111, 1111111 1110111 1111111111ῑί 1 1 tom 11 11111 11111111
1111 1111111111, 1111111 111111 1 11111111 1111, 1111111ῑί rw (811111
11111111 111. 469.) - 0 tom, 11111 111111 1111111 1111 1111111111, 1111
11111; 11111 1111 11111111, 111111 11 11111111, 1111 1111111 11111111
11111111. ¹ ¹

“’1811. 111111 11111111 stt. VIII, 6 1 466-173.

¹²·Jv 1111111 Β ’1. - 811. 111 1111111 1111111 1 1. 111111. D 6 a R 35
1111164110111Κ34.

 

