xl,

111111 0011111 1011111111, 10-31, D 111, 111 11111111 01111111 11111-
1110, aby 1111111 1 01111111 11111111 1101111111111110111 1111011111,
je} byla 1011111111 0101111111 01111111 11011111, 101 1111111101111111.
Ρ11 10111 Ρ11111111 1 0111111111 1111111111 1 0011111111 1111111 1011111110
011110 01110, „aby 1101111111 0111 1111110111 11111111101111111
1101111 10111 011111111 1111 1111100111011111 11111011 1 0110111011
11111 1ΜΚ111 111111 1 1101111, 10 110110111110111101110 1111101111
(Τ 13). V 01111111 1111111 1111111111γί sice 10110 1111 1111 11111111
11111111 1111111 1111 110110111ος 11111 (111 111101110111 sami 10111 11-
11111111101110 11111111 111111111010101110 11111111101110111111110 11111-
10111111 011111111111111, 11 11101111 110111111 111111110111111 11111,
111110111 01110 11111 1111111110 1111010 0011 11111 1111 1 1111111
¹ 11111111111111111111111 111111 1111111011 01111111 je 101111011111111111
0111111 111 1110101110. ¹²²) Η111111110010111111111111 01110110110111
svy‘ch 10111111 1111111011111101101111 111010, 11 1111111111 1111101-

11111 1110111111 111110 hylo, 11 0101111111 11111111 00111111111111
¹ 0111111111111111110111111 by'ti, 11 1111111 ,011 10111111 0011111111
11111 0111111111 11111110 1 1111111111, 11011010 neb 0111111011 01111110-
11111011 1111 1 11111 1011101111 by‘ti,“ 11 1111111011 1111111111
1 1111. 1011111111 11111111 111110 111111111 11111 111111011111 1101111111
1111101111111 1111111 001111 01111 11111 00111111111111001111111111
11110111 1 111111 11011111) 11111 10110111 1011, 11 11111111 1111111111
011101111111010 1111111110, 1111110 11111 1111111101111111101111 101111-
11110 11 11111 1 1011111 10110111111 1111110. ¹²⁴) 11011111 11111111111111
11011 10110111011111 110111 00111111, 11111171 11111111101111. 1111111111
ajiny'm 11111111 11111 11111101111111111100101111 11111 0111111111 11
0111111 (10111 0011 0100111111), 111. 1608 11111111111110111111111-
11111, 1 1111111 11111111 01111 1011110110 111111 1111, 11111 1111

¹²¹) Ζ1111111111111 111119 11. A 9, Β 7 1 8 1 X 18111. 11141111,
19121 “

¹²²) Srv. 111. 1. 170 1111111111 1111110111 1. 1610 111. Ρ 3 11. 1 111.

¹²⁸) Srv. 8111110 (1111 111. str. 470 1 11101111 11111011111171111113, l. 1590
1111111. 16081111) 1 11. 1111011113 113 15.

¹²⁴) 8111110 111116 IIL 111. 170 a 107, 111011111111101111.1681 111. F 2, 1. ¹605
111. J 111. 1610 stt. P 3 11. 4.
&mmm

 

