1628.

01. 114.
1628. 2111111111. 111111 1111111110.

61101101άί00πά II. 0000101001100111110, 1001110101 011 obeo 1111100000·
11110 110110 0 011010 ode 01010 0101001111 lidu vojenskfflw, 010ηέ0αά1 110

0001011110 ,011101 100110 (1001001100 obydlim by‘va‘.

My Ferdynand druhy‘ z 11011 11110111 voleny' Rnnsky' 01111, 00
1100110 kasy 1011110111οΙ 1110 1 1111011110, 110110, 1111111110, 01111111
sky 01111111, 11011110111110111111, 1111011111Μο1111111, 110οο110111
18101111 1111110 a 1111110110 1111011111 011, 0111110101] 1111110 11110111

110111, 10 jsme od 0011110011 10011110 1 1101110111 1 1111111111 111 01100
01111 11111110 111111 011010 00111011 0101011, 1110011011 jim 1111011
0111111 1 110111111110 1011101111111111 jak 0111110110 111( 1 0111110 101011·
110110 0110101111111111. Κ1011011110001111011 010111 1011011111 1111101111
1101100, 1011100 10110, 10 10101111 01111 1111011 jak dvorstvo 11010101
ijin1 0101001111 10111111 1100111016 1 101111110011 mist 111 1111110110
11111011, 010101 11011011101110010111, 111111 111101111111011111 1 11111100

11111011 11110011 11110011 1111110101110 1100110 0110111010 111101 01111
01111111 «11111 1010101111 010111011111 1110101011111011 1111110110 1110110
0111110 1110101011111110, 11110110 1011110111 11101111 11011, 0010110111]οω
10111111111111110; 0111100 1011111 11010111, aby 0111, 10011111 1 10111011
1 11001110110011110101111 0111110 milosti 1111 11111 0111116 od jednoho
1111111110, bud kdo bud, jmieni, (111011 1100010111011111 1101101111 110000
11110 1011011110 0011101111 11011011, 1010101 01111110101111011 11111111
0011111011 1111111, 11111110 11 110111 11110, 011111 1001011111100, 0111111111
0111 111110101110110111111, 10]·10111111101101111111111111, 1011111111111, 11011
1111111111 1 0111111 110111 1010111011 0110111111 1111111, 101 11110 Ρ1011111111
110011 111 111111, 1110110 je 0110111010 111101 0111111111110 11111 011 teto
11110111 11011 0111111111111011111 111111, 1111011 a 10001011101111111-
01101111, 11111101 jim 110111 0101111011 10111100 111 11011111 1111111111 &initi
10100001111100001101110111111111110 1 1011110111 11111 1111101111 0 1111-
1011111. Tomu na 1111101111 0010111111 0111111100 1110111010 11111011-
111110011 111110 1011111111 111111. Dan 1111111111 1110111 Ρ111111011 11011010
001011110011110, jinak (1110110110 1011111110 (1110111111οο 11110, 111111

 

