1110. 111

111111 111111111111111111 111) 11110 1111110111 111 01 1111011111 1011
111011 1101010 1111011111 11101111 1101111 10 11101111, 11011 11111
11111111111 1011010 11111 1 11111 11110 111111 1111111111 1101111111
0110101111 111111; 1111111011111 0110101111 1110 1111111 11111111-
10111 1111 1110111 11 11 1011111, 111 11 11111 Ρ111111, 11111111,
111111, 10101111 11011 1111010111 1111110111 111101 1011111, 11111 11111
1011110, 10 1111101111 111. (111111 my je, 1111 11111 Ρ111111, 01 11111
11110111 1111 1001111110110, 1111111111 1011110 11111 11111111 110-
1110111( 101111 neb 1111110111, 11111 11 1101 11111111111111111111111
1 111111111 10110 1111011111 1111111111, 10 111 1111111111 11111110111111
1 0111111111 1111111 1111101011 miti 1 1110 1111111 0111110111111-
11111111111, 1101111 11111111 1111 Ρ111111111 1110111101, 1111111101 11111-
10111101 1111101 1111111111 1111111111, 0 1011 111011111111111, 11 011
111111011101 111111111111011 1111 1111011 11110111 1 101111011111-
10111 11111 11110110 1111111 1111011 1111111111 1011 111010 a 11110
111111, 1 11111110 0111011 1111110111 010111 1011 11111111 pro 1111111 10111
1011111 11110111 111 1010111111 1 1110111111 111111 (1111 1111111011 my
110111111111110111111 1111111, 111111 Ceskymi, 1101111011111 1111011111
1111111 111111) bez 01111111111111111 1111111011 1101010111 1110110 sami
111111 11111101 1111101111 1111111, 1110 1110110111 hyl, 111111 neb proti
1110111111 1111011011 1 111111111111111 1011111, k 1111 111111111-
11111 10111 1111111111110111111111 111111111 110111111111 11111110110111

1011 10111101, 111101 1111011 1011101111 a 111 10111 1011110111111, .

11111011 1111 11110110 111111 11111 111111 1111111111 11111111 1101,
11101111111111 00111111101111 1 11111111 111101; 1111100 10111 11010111,
0111 0111111111, 11111111111110111, 111 101111111, 00 11 110111011111
1111111111 111011 1110 111) 0111111110, 01 11110101111111011011111
111111 1111111111111101111111101 1 1111 11011111011111 magistratibus
10101111111111 1111101111 1111, 111110 111 1111 1111 1111111111 kdy
1111111110 111 110111 1111 111110 111110, 10 11111 1011111111 1111011111
01111110 bez 11111 101111 1111 110111 hyl 11111111, 11110111111111
1111011101 1111111 1111111111 1 1111111 111111 1111 1101111111 1101111111
a 0110110111. A 110101 1111011111111 111111 1111011111, 1011111111
0111111111] 1110111111 1111111111, 1111111 111111 1011011111, 1101111111,
101011111111111011111, 111 11111111 011111111111111111011 1111111
111101111111, ano 1101111111111111111111, 1111111111 1111111111, 11111111

 

