150⁷. 335

tisleieho 1111131313 33113313 311113131113 3311311113131313 331131333-
mo 113133 1133313 131311.

Ad relacionem magnifici domini, domini 1113111 1303113131
et in 1131331313, supremi cancellarii mgni Boemie.

Orig. 13111113 m. Prahy 1, 1. 31. 81131311 1111313133. 1131111313 1311111111
1311113331 1. 33 113111 Ρ1313163 1. 113133 13371 1331133311 11. 13 1111131113
111171 1311113331 111. 1 1131113113 13. 111133 111491 113113 Τ313313 13 vidui
16. 131133 1741 3 1133111111 1. 13111131 13. 111133 1808 (311. 371101333131331
memorabilium 1. 314 na 113111 3341 3131113 311311333131313 33 31111311 1133131
ο 33131331 11111113 31. Ρ3113. 1113 teto r. 1500 v (13311131 ive 1111313131 3313131
,331131 a 33333 131331 33113 136333113133113311331113, 113111 131311 1131111111
1111311133 1131313111 hyla, 13113 lide 1131331131, 1111131 3 131133 31111311, 3111113113
133313 1 1313 33 11331311 3113131133131131 (113113313331311.“ 111111131113131 1131
3 11131Ρ13133113 11311313 111311 tim 331313331111111ὰ311131 proskakoval,
11111 111311 313 111113113 „lim 331113111131, 31311131 1 11331 1311313131 31113 33-
113133 se. 1111111313133 111111311311131 33 13131311, 113 331 113 31131 1131311 je

1111113311 3333111, 3 13131 potum 1111113, 13 po 3113331, 33 1133131, po 1133131 ipo '

13111111 111331 3 3313133111111131111313113333313333 311 11113313 pro 11111311
33131331 11113313 31311331 1131111 3 13131111 31111 131113 3111113113 11111331 111311.“
'I'eprm¹ 11111 131131111333111111311311 1311313111 1111111311331311 113 Ρ1311
11111311131131331311133 ,11111 3131 3133 11111 3133113311 1131 1133 3311311111,“ 133-
1113311, ab)- ῃ111131 31113113 111111 131113 11313133131131131313 1113311 1111111113,
113111 na tom 31313 proti 13111311113..111133 13111 1133131331 byly“ 133 33 31313
3311111311 1131113133 11131331 1111 3 3111Ι 1113131, 11131 13313 11333333313313 33-
113111 1 1311 113131 33333331 1131111131 1111* 1333 131313 3311311131311 3 113 1111
1311131111 31111111. 111111 1131 3331111313 31313, (1311 1331313 33333313 31113111 113-
3131111 3 1131131313 3333111113 3113311131 11333 33333311331131333 3113111, 13113
313111 kostel i 11111111 3 133333 se 1131311111. Η1313131131111133 13 3111 1313 113111
1113131, 1331 111 113 3311131131 1111131 31311131 11333131 3 33 1313 1111131133
313331 1131111 11111 ,3131111 311131 133 11111111 313 31111311 3311111, 1113113313311111331311
11111 133131113131111131 11331 3331311131, 1311 3113131131 1113131 1331113131 31113-
1311133313113 311111111;“ 33 131 1111113111313133133111331 311313131313313131-

11113131113 33111131 111131 11111313 3311111111 8131113111 313111 113 1111113331111331331 ’
111111331311. 811. 111 prof. 1333 13113131 1313113131 ο 1111111111 31. 13113 111311 Ρο11131311

11311311 11334-1313) 1 11111111 131111 311113 311313111111 1311131 111311 1331131 Κ311133 ’

za r. 13711 3 1 1113131113 1313113113 1884 33 311. 811.

 

