1111.Ι 541 .

111 1111111111 1111111 11011 1111011110111111111111 11111, po
1111111111 10111110111111111 1111111111, 111111, 1111111111, (1111111111
111. 1111 111, 1111111111 1111011111, 1111111111 Μο111111, 111111-
11111118111111 11111 1111011111 1111111111, 1111111111 111110 11111111
111111 111111 1111111111 1101111111, 11101 11110111 11111111 1111, 111111
111111 1111011111 1111 (111111161111111111111110 1011111110 proti
11111 11 1011111111111111111 110111 1110111110 1 0111101 1111010111·
111111 111110, 11 11111 111 1111011111 1111 (11111111 (111111 (10111111
11011111 1 1111111111111 1111111111 1111111111, 11111101111111 1111101-
10111 1111 1 11111110 1101111 111110 1111 1 10111001 11111Βο11 1111111
(1011111 11 1011 1111 1101 1111111; 110111111101111111111011111111 “
1111011111 1111111111 privilegia, 1011111 1111 (111110 11 1111111111
1111011111 ὒ11111110111111 111111111111111111 11111111111111, 1111111
a 11111111111111 1101111; 111 111111111111110111111011 1111111111 011-
11111 1111111 11101111 111111, 111 111111 svou vlast opustili,
11111 111 11 proti 11111 1011111111, 111 111111 111 11 1111111 11111 11110
1111111111 1111011111 111111 k 11111111 11111 1110111111111111111011111
1111111110, 110 1 111011 1 111111111111111111111111111111111 111111 '
osadili3 za 1111111110 1111111111 11111 111 1111101111 (101101110111 1111- ,
1111111111 po 1111111111 1011011110 1111111 11 10111 1111101111111111,
111 111111 111111111111111 1111 (111111111111111 11111, 11111111

. 1111011111 1111111 1111111 1011011111111 0111111111 1111111, 1111111110
1111111111111111111111 privilegia, 0111101111, 11010111 1 1111111111,
1111 hy 11011 111111 01101111111111111 1111111111 11111111, (11101
1111 1111110 10, 10111, 1111 11011110, 110111110111111 1111111 1111111111
1111, 111111111111 (11111 1111101111 011111 1111101111 1010 111111 1111111110 ,
1111111111111 011 0101, 1111 111011 01011 1111111111, 11111111 11111-
11111ς 11111 11 1110111111 1 [1111111111111110111111111111110111,
11111011 11111111, 11 1111 11111111 1111 1111111 11111111111,11111111
11111111) 1111 11111111 1111110110 11111110 1101111 1111111111111 se
111111 11101111. 111 111110111111110110101111110 1111111110 1111101-
111111 1 1111111 1010111111 1111111101 1 1111111111111111111111111111
od 11111101 11111111111111 11111111 111101 1111011111 (1111110 11011111
1111 1111110111 1111111111 11111 10111111, 0111111111 111 11111111- '
1111111 v 111111 11111111 1111111111 (11111111110111 (11111111 1111111
111111 reminiscere 1111111111101111111111111111111, 11111111010111, J ι

 

