782

fflQOQQmmzmmm

QQQQQQQRWQOE

fflwmwmmmhmmmmmmffi

010, 534, 548, 580, 581, 087, 054, Proetiae 5511, cuppa salis, 5555511

555, 718, 725, 55155551 522, 580, 738.

mmffim mmmqu
Prodej vlny 522, 580. 115515551άῆ5. Notffi.

- 555555115551555155 5151555155 515 stowe, 5155151555 489.

15155555551151. 1555151515551151 cti 5. 0515555551
Ptodej zvffiny 5515151, 555. - 15555555 555, 555, 555, 555, 5
Prodej 5. 1551155. 1155551551 proti 151111 345.
15551551 5151515. Ρ511551. 15555155151115555, 515515ωωί555
0557551551, 5551551515115151 50195516 oona 131, 5 15151555 193, 814,

511555115155555151 551515. 5559 5551 ve 51515 11155515
Ρ5551555555551555 v. 8551555 55155515 583.

55115. 8555555151 55555115, 15555551, Iit
55555555 55 5555555 v. 1515151155. v. 0b0hod, 15555555, limosa
Prohlidka 515555 5115551555 520, 587. 115155 1553155515 340.
⁰ 155155,555555111240. 1551555133.

' 55555555, 555551 410. 55555555111511.
-1511 XCVI, XCVII, 428, 477, 484, 13515551 55555555 Non-svm 515155

mfflmffi . η
ΡνοΙιιιναιιινα 1011101111 CV, CXV, CXVIII, Mjady XXXVII.

CXX. 1555551 LIII, 338.

15551155155155, 5551515551 15155551555 Ρ5555,5555115, ruten, 55155 miens
4, 55, 555, 555, 555, 555. 111.

Ronajt'mdni 5. 11111851. 855511511155551.

1555551εά55151 5515155155 535, 542, Ρ155.11555555.

545, 555, 55155 314, 000, 400-402, 55555555515555555.

435, 540. Ρ155155 5. 1555515515, 1155, 215115]
Ρ505515551 18115 194-190, 04⁷. PIedbor, syn JilJ'Iho 9.

Propadenf majetku, 1551151555, 51555551 0511155551 5151 1555155555 481.
55551 5551511,5515555551511515 55 Ρ155151511 Ρ551511, suburbia, fffl
55555151 515555, 5555555515 vel amissio Lxxv, LXXX, XCIII, cm,
rerum 5, 55, 155, 555, 184, 102, 555, 40, 55, 55, 55, 400.

220, 555, 555, 224, 555, 400, 401, 1555555551 5555 15155515 v. 9555

541,090, 555, 020, 000; privilegii 555115.

XXXIII, 213, 381, 383, 338, 515551- Ρ15515155555155 5555 1151555155 CXII

5555 5 551511 154, 438, 474, 490, 11555 5 8551155515 240.

491, 51115515 521, 582. Ρ1551ι5555151 51511555 192, 5555511
15555555 55155551 XCVI, 535. Ρ15515ιά51 5515151555 5555155555 C}
1555555151 1555515 5511555 338, 351, 5555 5111111111.

357, 5515551155 537, 558, 50555115 Ρ151515515 5115115511 LXXIII

z osady 128, 51555 5 5515155555 Ρ1515555151372.

555; 51555555 ze 55555, 555, 555, 555555 05555 5., 5555 15555 4.

55555555 317. PIemysl 015155 11, 1551105515 1
055155555551515110,554, 116. ai XX, LIV, LV, 5, 3, 12, 27,

 

