11

111111 1110101111001111101 1111111111 11110101101101001101111111111)
1101100 111011111111 jest¹ 110111 10110 01001111111111 1111111 11111011
fflmmwfflmwffloemmmmmwm
sky'ch‚ z 1110111 jejich 11001101111 [101101011111.“) 1111111111-
1111111 8111011111111101101 11011111 11111 0101 jinym 11111011110111011,
101101011011011 1101 1111011, proto ustanovuje 10, 101101 11111111
101011 10111011111111 1111111111110110111 10 svy'ch 1111101111-
10111 111100111111111111011111111010110111101101001111100111001
0111110111 1111111101. 1110111111111111011 sice 1100111 1101111011
1111111111 11111 11 11 11111111111101111111111111) 1101101)1
1111111 111 111011 1111010111 1111, aby 110111011011111 101 111101111 ,
’11111111111111111111)1111111
1011 11011111 010011, 1110101111 [111110 1111111110, 1011111110111111111
1111011111 1111111111 1 11110111 111111 11111110, 1 1101110 10111 11111
jde 0110111151 1111 1111111111 10 10010111 1111110111 0111111110
11111 01001111010111010011111 10111111 1111111111 111011 spolu-
11101111 pfl 1110111111 0011010 11111111, 11111111111111100 11110111
1111111 1111111011 1111111 1111151 Obci povolujl 1011011111110111
111111 psi 1111111111101110111111 11111110 10001111 obyvatelfi
Stammkstsky'ch k 11111 111101001110 10 jim svobodny prfichod, ⁵⁹)
1110 1101111110 10 111011 1111100 18111110 101111 11Μ111 111111,
1111101111 10 1111100 1111111) 1111111110 10 1111101111 1101101111
11110 111111, 11101 101110101111 10 1100111011 1 010161 11110 010-
1011111110 0101 1111011 110101)1 1011011111, 1110 111011111111

M..

1111111
181. 1. 30, 481117. Κ 10111 111. 0101011 1111011101111 IV. 1 1. 1381
001101111111 Ρ11101110 10111011101101 11. 111. 116.
1111
11011
181. 1. 126 1 131 a Emler Regesta 111. 1. 1815.
1111111
⁸⁶) Sb. 1. 7 1 57.
111111
1111111.
1111
111111ω1
1111Η1

 

