. 1⁶⁷³· 411

sve ns 1111 11111 bez 1111111111 1111 1 1111111111 1111111111111111-
sky'eh i ]’111111 11111111 111111111111111111111111, (111111 1111111111·
11111 111111, 111 jemu 11111 11111111111111111111111111111111
1111111111 1111111111 sabati, 1111111111 1 jej z 11 1111111 possessi
1 11111111111111 11111 1 11111111.1111111111111111111 11111 jistotu
(lali jsme k lists tomuto jistym 1111111111 111111 1 111111111111 11111
1111111111111111 nasi 111111111111111 11111111, 1111 111111111 111111
11 Η1111111111 111111111111 111111111111111 11 1111111 11 11111111
111111 1111111 (luchs 1111111111111111111111111 1111 1 1111111111 1111111
11111111 11111111 1111111111111 11111111.
1111111111. p. 111111 11111 11. 1.

011111111111 111.Ρ1111111,1.111. 11111111 111111111111111. 1111111111 111.
1111111111αοί privilegii Malostrsnskych 111111 1111111111. 11111 111111 1111111111
11. prosince 11171, 1. 81 11111111 m. Prshy. 1111111 1111111111111111. 11-
1111111111111111111111111111. 1. 1111111111· 1111111111 11, 111111 1111111111
1111111111 1111111111717 s 1111111111 1. ve Vidni 11111111 11111.

* Cis. 265.
1173. 18. bissus 711111.

Cesar* ,111111111111 II. potvrzuje 1111 111111111111 ΡναέεῙωΊιο Antonius

Bmm, 1111111 1111111111 Μ111111ι 1111111111 z 1111111111 11111111 ananelo

1111111711 domn 11111111111111111 se 111111 olii, 1111111111111111 11-
1111111 masmjds 1111111111 υ 11111111 111111Ρ1111111 11111111.

111111111111111 111111111111111111 111111 1111111 11111111111111
11111111111111 11111 1111111111, Cesky', 1111111111, (11111111111111,
1111111111 1111111111, 1111111111 111111111, 1111111111111 18111111
111111 1111111111 1111111111 etc„ oznsmujem 111111 1111111 11111, 11
jsme od 1111111111 a 1111111111111111 1111111111 1111111111111 11-
11111111111111, 11111111 1111111 11111111, 11111111 1111111, 1111111111
11111 111111111111111111,11111111111Ρ111111111, 111 11111111 1111111
11111111, jemu 11 1111111 111111 1 1111111111111 1111111111 111111
1111111 11111111 1111111111 111111 111111 1111111 a 11111111, 111111 11111-

11111111111111111111111111111111, 1 11111111 111111 [11111111 11111111, ¹

kserys 11111 11111111111111111111 ‚mss 111111 1111111111, 1111
1111 1111111 nejmilejslho 1111111111111, 1111111111 111111 11111111
11

 

