342 1513.

1111111111 111111. 11111 111· 111111 1111111111111111111111111111 11111
s 11111111 1111111111 1 111111 1111111 1111111111, 111111111111111 1111
1111111111 1111111111 111111 1111111 111111, 11 111 11111 1111111111,

11111111 1 1111 1111111111 11111 111 11111 1 1111111 11111 1111111 1111111·
,111 1111111111· 11111, umuli sou nam 11111111 a 11111
11 111 se 11111, 1111111. 1111 1111111 (11111111 a 1111111111 11111111111
1111111111, k 1111. 11111, 1111111111, 1 1111, 11111111111111111111
11111 1111111111 dom. 1111111 1111111 1111111, pm
11111111 11111111 11111 mezi sebon 111 111111 11111 111 1111111 111-
1111111111 11111111, 111111111111111111 11111 (11111111, (11111, 1111, 111·
11111 11111111 11111, (1111111111 1 1111111111 1111111 11111111 (1111111
1111111 11111 1111111111 111111 1111111111111 11111111, 11111111 11111111
1111, 11111111 1 111111 11111111, 11111111 1 11111 (111111111111 1111111
1111111 11111111 11111 1111111 111111111111111 11111111 1111 1 1111111111
11 1111111111 11111111 1 111111 to 1111111111 11111111 111111111111
111111 1111111, 11111111111111111111111111, 11111111 11111, 1111111111
111 1111111 11111 11111 111111 11111111 1111 111 1 1111 11111; 11111 1 mi·
11111 11111 1111111111 111 1 1111111111 11111111 1111111 11111 1111111111.
11111 1 1111111111, 1111111 111 k 1111 11111111 111111111111111, 11111
11 1111111111 1111 1111111111, 1111 1 111111111111111111111111 11111111
11 11111111111 1 11111111 11111111111111111 111111111111 1111111. 111
11111111111111111111111111 1111111 111 soh& 11111111 1 11111 (11111111
11111111, 11111111 1111111 111111 1111111 1111 1111111111111111 neb 11111-
1111111, 11111 1111111 111111 111111 111 1 11111111 1111111 11111111 111111
1111111 11111, 11111 11 111111111111111111111111111 11111 1 1111111111,
11 1111111 1111 1111111 111111 11111111111111 11111, 111 111 111 1 11111
1111111 1111111 1111111111 1111111111 11111; 111111111111111111111 1111
1111111 11111, 11111111 11111 111111, 11111111 111 1 111111 11111 1 11111
11111 1111111111 1111111111111, 111111111111111111111111 11111 11111111
111) 11111 111 1 1111111111 1111111 1111111111 1111 1111111111 1 11111111
11111 11111 111 11111 11111111111111111111. Α 11111111111111111
1111111 11111111 1 11111 (11111111, 1111 11111111111111111,1111111
1111111111 1111111 11111 1 111111 1111 111 11111111 1111111, 1111111111
111111 1111111 11111 1111 111-11111111 1011111111, 111111111111111 1111111,
11 11111111 111111, 1111111111 11111 111111 111 1 Ρ1111111 11 1111111
1111111111111, 11111111 111111 1111111111 1111111111111111, 1111111111 111 111

 

