CXXVIII

11111 1111111111 obeo je 1111111111 111111111111111, 1111111111111111111
1 11111111 1111111111, 11111111111111111111111111 111111 11111111 1111111111-
111111 1 1111111111 1 1111111111 11111111 1111111 11111111 od 1111111111.

V nasledujicich 1111111111 111111111111 1111111111111, 11111111
1111 1111111111 111111 111111 1111111111 111 1111 11111111 1111111, 111111
1111 11 11 1111111111 111111 11111 11 111.

111111111111111 11 k 1111111111 11111111111 11111111. 111111111-
11111 1111111111 11 1111 19. prosince 1848 11111111111111111111111
1111111 1111111111 1111111111, 1111111111 111111 (1111111111 111111
11111111111111 11111111 1111111 1111111111 111111. 11111111 pry' 11, 11
,11111111111111111 by 1111111 1111111111111 111111 1111111 1111-
1111111 11111111111 1111111111 1111 1111] 1111111111( 1 11111111111111
11111111 1111119. 1111111 16. 111111 1849 1111111111111 11 dasse, 11
111 1111111 11111111 1111111 11111111111111111111 1111111111 111111111111
1111111, 111111 1111 nich chovajI‚ 111 111111111111111111111 maji
11111111 1111111111ῐί (111111111111111111 111111 1111111 1111111111
111111 11111111, 11111111 11111, 1 111 1111111111 jich upravenl.⁸²⁸)
Kdyi 1111111111111 1111111 11 11114. 111111 1849 11. 33 pojistila
1111111 1111111111 1111111111 11111, 1111111111 111111 11111111 11111111
11111111, 11111111111 1111111 1111111111111111111, 111111111111 11-
11111111 11111111 111111111111 1111111111111111111 1111111111 1111
11111111 1111111111 11111 jej13 11111111 1111111111 11111111111 111111
17. 111111 1849 111111 111111111111111111 11111111, 1111111111 11 6,
11 1111111 111111 111111 1 11111111 1111111 111111111111111111111-
1111, 11111 11 1111111 11111111 1111111 111111.

Po 11111111 111111 111111. 1111111111 11 k organisaci novy'ch
· 11111111 1 1111111111 11111111. 1111111111 1111111111111 111111 14.
, 116. 111111 1849 111111111111 1111111111 1111111111 1111111111 1111111
1111111111 1111111111, 111 111111111111111111111111 111111111111 1111111
1111111111, 1111 111111 11111 11111111 J osefa II. V Praze zflzeny 111
,1111111111α 111111111111111 11111111 1111111111111111, 111 1. 111-
1111111 1850 1111111111 111111, 11111 byly 11111 1111 1111111 1111111
1111111111 91111111 1111111 1111 11111111. 0111111111 1111111 11111-
11111111111 bylo 1111111111 praesidia 1111111111 1111111 1111111. 111·-

128) 1111111111 11111111 111 1111111111 61111 1819 111. 4, 11 1 11.

 

