1584.

10. 010.

1181. 11. 10000000. 111011 10010110.

61011111αά01βῖ1. 0011ῗο010 0001101011οη 0 1011111110 kral. 10001, aby zidy
11010100 110 0110100 jarmarky a 11000001110 jim v 0000011000 010-
1011101· 00110111.

My Rudolf druhy‘ 0 1011 10110011 00100011000110 01001, 0011100110
000010000011101 1110 0 1111010110, (100110, ὓο11001010, 0101001010 010.

11101, 0101110110 1101100010, 0101011001)ἰο 1101000110, [0000101010 08100010
110110 0 10110110 margkrabie, 0111011 1011001100 11000100 0101000111100010
001110 01001000101 10011010 0110001011οι, 10110110 11 11011 01000, 10110
neb 00001001 1000, 0 0010110 0001101οι 0010100001ιο 0 1100101110
10101 0011011 10100, 10100 0111000110, 0010010 001101 mily'm, 10 1000
00 000 00 011 000110000110000011 0110111 11110, 0100001010 08101010 101010
Ρ101011010, 1110111000100011 00110111οί01] 1010011 0010· 01011011 001100
00001110 01011010 010000 001101, 11101011 10110 je, 111101 0000010100
11110 0100001110 1 1100110100 00010011000010011 001011 101100, 11010001
00011011000111011, 100000110010110011 jim 0110100011, 01011 00 jim
100001100101110011 1101001110 0101101110 11010, 10110100 10110, 10111
0001 010 00101110 0101111, 1011 1 000] 0001000011 0010 110111, 010010 000
01010 00 1011001100 00011001. 1000000111 10001010011100001111000
k 00011000010110111101 00010101, 010101 0110101010 1 1011οο100 1101110100

0100101100 11110ιο0 Ηο1ᾸΚιι1100 ajinych homlch 10001) 001001011 10- ”

01010, 0110110 0011000000 11110 Ρ1010110 do 10001 00 1010]οῐ1100 trhy
i jinak 00011011 0 1100110010111001100100110110011 jieh, 00010001010110
010 10000 10110 11001000 01011100 0001000011 1100011 1000011, 101100
0101101110 00110111 0 0111011 mimo 001011100100010100011, 00000010 00
tom 1101000111 0011 0100101100 00010110. Ι)00 0010010001οω 1101011010
0 0110110 00 0001001 11111000 letha 010000011100010110 11011010 01110-
1000100001110000 00010οο, 000011οο 00000100 a 0001οο
101 1100010110.
11011011. Ad mandatum domini electi
Ladislav 0 10110010. imperatoris proprium
Pavel 0 10111000.
Βο000.

 

