· 1111. 535 ' ·

1111 111111 1111111111 11111111, 111 1111111111111111 11111111 111111- ·
1111111111 1111111111 ’8111111111 1111111 byl. 11111 111111 1111111 ’
11111111 11 11111111111111111111111 11111111 1111111111 1111111141. ’
Item 1111111111111 11111111 1111111111 11111111 1111111111111 161
11111 11111111 8111111 111111 Ρ111111111 1111, 111 111, 11111 11 mimo .
1111111 111811111111111111 1111111111 1111111111 1111111 11111111, 1 11

1111 1111111 111111, 111 1111 datum 1Ρ1111 1111111 1111111111 1111

1111 11111111 1111111111 1111111111 1111111 ⁴¹). 11111 1111111111, 111
Ρ1111118111111111111111111111, 11111111 1 111111111111111 111111111

1 1111111111 byli, 11111 11111 1 111111 111111 11111 1 11111111 11111111
panny 111 1111111 11111 111111 1111111 111111 ⁴⁴).

Α 111111 111111 111111 1111111111 1111111111111111111 1111111 11111111
privilegia, 1111·111111,1111111 1 1111111111111111111 1111111111 111

11111 11111111111111111, 11111111 jim Ρ11111111 8111ωό11111 11 ,
1111111111111111 1111111, 11111111111111 11111111ᾱό111, 1111111
11111111 11111Β11111111111111111 11111111 1111111111 1111111111
1111111 111111111, 111111111, 1111111111111111111111, 1111111111,
1111111 a 111111111111.’ 1111111 pak oni 111111 111-
1111111 1111 11 11111111 1111111111, 1111111111, privilegia, 1111111111»

1 1111111 111111 1 11111 1111 1111111111111111111111111, 1111111
1111111111 1111111 bez 111111111111 111111, 1111111 111111 1111-
11111111111111 (11111111 111111 1111111.Ι 1111111111118111111111111111
111111 1111111111111111111111 1 1111111111 1111111111, 11111111111

111 1111111 1111 11 1111111111 1111 111111111 11 1111111 1111 1111, “
11111111 se 111111 11111 11111 11111111 1111111111 1111111111, 11111-
1111111111111111 1111 1111111111 1111111111111 11111111111111
1111) 1111111111 1111111111 1111 11111111 'a 1111111111 1 1111111111
svy‘m 1111111111 1 1111111111 111 11111111111111 1111111111 11111-
11111 1111111111 1111 1 11111111 jich 1111111111111111 11111111; 11111

1111 111, 111111 111111111111 111111 (31111 11111 1111111111, 11
1111 1 11111111111111 111111111111111111111 111111 1111111111
1111111111 1 11111111, 111 111111 1111111111 k nim 111111111111 1111111111 .
jim 11111111 81111111111111111111111 111111 11111111 1 1111111-
111111111111111, 11111111111, 1111111111, 1111111111111111111111111, ·

11) 11199, ⁴³) 1. 306. ⁴⁴) ἆ. 307.Ι .

 

