1111. 445

1111110111 1111011111 1111011111 1111110. Item 1111111 11111 11111101
1101110101, 1101011101 ani 1111111111 11111111 1111111, (1101111111
11111111 111111110111 11111111111 Cechy; ani 1111111111111111
10111161111 01110111 1 jim jioh 1111011111, 1101111111111101
1111111. Α 111 1 01011101111111111111011111 (11111111111110110101
aby bylo 1111110, 1111 jest to 11011111 111111 1 jinych 111111 1111111111
111111 1111110 1110101110 bylo. 11111 1111111111, 11 11111111 11111101
11111, 1111111111, 11111 1111111, 1111111, 1111101 i jinych 1111111111111
110111 61111 101111 1111111110101 0111011111 0111101111 1110111110-
vati 1111111111 0111111111 ani 11111111 1111, 111 101 by od koruny
01111110 111 01011110 1110, 10 111111 1111111101ίῦ111011111110-

11111111. Item 1111111 1111111101 151111 11111111 011111111110111- “

101111 ani 0011101111 bez 11011 11111111, 111111 11110101111101111
11111111 1111111111 koruny 61111, 1111 1111101111. Item 111111 1111,
10101 11111011 1111, 01111011 111 11110116111110111 11111111-
11111, 11111111, 0101111 111 11011, 111111 1111011111, 11 (110101111111
111 1111111111, ie 10 111111 11111111 1110110111 111101111; 1111 co
by nebylo proti milostem 1 0111101111, 11111111111111 1111111111
111111 1111111 dati 11111 11111 1111111 1111011111 111011. Item 1111111
sme 111111 1111 1111111111 1011111101, 1111101, privilejich, 1101011101,
11111111, 11111011101, 0111101111, 00111111111111111111, 110101111.
Το111 1111111011 10111 1111 011111101111111 1011110 1111111111 1111
10111111. 1111111111 111111 11111111 111111 po 11111111 10111
1111111 (110111111110 1111 101110 11110110 11111110111111111101111-
11110 11111011111 111101 1111111110 111110, 1111111110 11111110 161-
11110 (1111111101110.

1111111111 m. p. Ad mandatum Sacrae Caesareae
Wratislaus a Pemstain MaJestatis proprium

supremus regni Bohemie cancellarius 11. p. G. 11111 m. p.
M. Walter 11. p.

01111110 z ὂ111110 1011111 privilegii 1111111111 list 41 11111111111111111.
Orig. 1101111111 1111111 1111111111111 1111011111 1. 3111.

 

