LXIV

1111101111] 0111111111 1 11111111011’0’) 11 1111111111. Tak j1 1101111111
1111110 11111111 1111111111 11. 1141101111111111111 111111 111111111111
11110111111111111 110111 111, aby 11111110 1111111 1111111111 1111111111
11111114) Naproti 1011111111111111 Μ110111111111011, 1111111 11111
0110111111 01 placem cel, 1101101111 10111 01011111, viny 1110111111
v 11111111 1111111111 1111111111, 111101 1 ungelt ze soli 11111111.
11011111 1101111111 0101 privilegia, 1111101111 1111111 1111110111οά1

111111 11111111 k soudu 11111111111101111111101 1111111111 1110111111111
111110 1111111, 11 1101111111 111111 1101111 pravo popravy ve 111111
1 1101111 111111 1111 11011111 111 skutku 1011111111, 11 1111111111 11
1111111111 11111 1 11111111 1111111, 1111111 1111111 111111 11111 1111110
bez 11111111 1111111 1111111 11111111, 11 obeo 111 11111111 pravo patro·
11111 1111110111 011111 11011111 11. Μ1111111 ake 11011111 11. 1111

101111101111111111111 1111111 111111 11 11111 1 1111111 11111111.
1111111111 1 01111111ἰὺ11 1111111111 pak ponechal 11111111 1101101
1111111111 1101101111 1111111 1111111111 1111111101111111111111,111111
11111 1110111011 101 011111111ς 111111 1111011111 11111 1111111111111
1111101111 11111111 0111111 1101111111 111111111110 1101111111 011111-
1111111 1111111011 101111111011.

Na 101110 111111 1 11111111111111 letech 1111111110 11 1110110.
01111 Rudolf 11. potvrdil 11111. 1600 11111111 111111 1111111111·
11111111 Ι. 11. 153411 11111 11111111011011; 111111 1111011 1111
asi 1 1111111111, 11 1111111 01110 1111011111 10111 0111111111 1 11111111
1 1111011111 &inl se 11111111 0 111111 k 1111111 1110111 1011010 1111111205)
11111111111110111111111111111, 111 majestatem 11111111 1101111111,
setim Μ11011111111 1110110111. 811111 11111 111 1011110111 take

nich (1111 11111110 11111110110111111111.“ Srv. 111 8111111 ὒ1111 11. stt.
441.-Ζ 11111111111111111, 1101111 11111, 1011110111 1111111111 111111 111111
Ρ11111111011111 1 Κ1110111111,1011 0111111513 od ι1111 Ζ111110 1 11111 111111
1111111011111, 1111 r. 1648 0101111111Τ1101111 1111111111 11101111110111.
v 11111111 m. Prahy 11. 1. 4. 1101.

wfflssm

²⁰⁶) Sb. 1, 141 1156.

²⁰⁸) Sb. 1. 114 1190. 1111111111 1111111161 1111111 se original 1011010 1111111111
11. 1111 11111111 11111 Rudols IL 111 r. 1⁶00 Malostransky'm 1111111 11111
1. 111711111111111101111 (11111011 0111111.

 

