¹⁶⁰4· , , 323

111111 1111111, 11111 11111 1111111111 1 11111111 11111 111111 to 11111
1 1111111 jest, 11111111 1111111111, 111111 1 11111111 1 1111111111,
1111111111εώ nebo 111 1111111 111, 1111111 1 11111111, 11111 1111,

11111111111111111 1111111 11111, 111111 by 11 11111 1 111111 11111 ·

to tak 111111 1 111111 11111 11111111111111111 monta 1111 1111111, ,
111111 1111111111 11111111,11111111111111111 1111111 11111 1111- ’
nosti 111111, 111111 to 1111111 1111111111 1111111 1 11111111 bylo bez
1111111111 1 to 11111111, 1111111111 1111111 1 111111 1111111 111111111-
]’111 11111111 1-1111111111. Pakliby kto nob 11111 montane nobo
1111111 11111111111 11111111 111111111111 111111111111111, 11111111
1111111111 monto, 11 gruntieoh 1111111111 nebo 111 11 1111111111 11-
. 1111111 111111, 1111111 1111111111111111111111 11111111111111111
111111 1 tomi 1111111111 111111111111111111, tohdy tomu 111111 1 111111,

3 1111111111 11111111 1111, 111111 doma 11 gruntieoh 1111111111 1111111 ’

11111 grnntieoh 1111111111 1 svobodny'oh nebo 1111111111 1 1111 zb- -
11111111 maj! neb potom jmieti 1111, aby 11 11111111 1111111111
1111111111, 111 11111111 neb 11111111 11111111, 11111111. Pnkliby
1111111111111111111111111 nobylo, 11111111 111111 mn 11111111,
11111111 toho 1111 1111111 1111111111 byli, 1111111 1111 1111 1111
11111111111 svo oelosti 11111111 11111 111111 1111 optol-li by 11
11111 1111111 toho 11111111, 111111111111 111111111111111111111111ς
1111111 1111111 1 tom 1111111111 1111111111 1111111, ton 1111111
111111 111 1111111111 111111 Ρ11111111 1111111111 a 1111111111.
’11111111 111 11111 1111111111 111111 1111111111111111111111
Ρ1111111111 111111111111 jobo z 111111111ὲί1 11111 1111111111 111·
1111111 11111111 1111111 1111111, aby o 11111111 111111, 111 11 11111111 ⁴
1 111111 jioh 1111111111 grnntieoh 1111111111 111111, 111111 11 11111
111111 111111 1111 purgmistrem, 1111111111111 1111 1111111111
pravom jioh 1111111111. Α 111 111 11111 111111 11111 1 11111 11111
mesta 11111111111111111 1111111 nabebo 1111111111 111111111-
11νέ111, 11 tom 111111111111111111 jmieti 11111111 11 1111111
1111111111. Non 111 by 11 1111111 1 1111111111111, 11111111, 1111111
nobo zopisno 1111111 11111111, 111111111111 111111 1111111111, 1111111
se o to 1111 purgmistrem, 1111111 1 1111111111 111111 111111 1 11
jiob 111111, rozsudkn 111111111111111111111111111, 1 1111 11 obo
11 111 1111111 11111111 11111111, 11 toho 11111111111 1111111111,

 

