XCIV

11611 1166116161 611666 61166611 k 16616616 1616 6166 6116111 ji 1
ι11. 161166 1112666661 66 (166 6666161 1616, 6666111116 611 tom 666 ³
1166161 6 6166616116 ,66616116 666616 Ρ16161616 Η6611166“ pravo,

’ 616· 6161166611 66 66616616 66616161661661611 6161116166 616666161

1 (1666661 6166 6 616 6161111 161661 6166 6661 116116666161 166 616
· 6666 6666616 po 66666 6666666 do 666 666666. ²⁸⁰) Nem
poehybnosti. 16 6161661111 16616 661116 161116661666166] 66 61161666
1616611116 nejv. 6616611266116 Lva 6 1161661616, 1166166666 161116
ve 66116161 611661 1161666. 0661166 66116, ktery' 6166611 roku 1541
1661 1161616 6 661166 1661111116 611666, 666161111 6611166166, 1116
61 66 66116161 6 6616111 611116 (166111 6166166 66161616166661 6666166
16116. ²⁸¹) Teprve po 1616616666666166611 66 6666 1161166111 6 6611611
6. 1167, 16161 bylnejv.purkrab1mJan 66161111Ρ6661 6 16116616, 616611
1166161116666111. 1611661 66 66166661 6166661 6 66661661 666661 mi·
16611 6 6166. 1111611, 616 16661661666616111116 6 jinych 66661 666116-
11611 6 6666661661 616 6 6161161661 6111 66666661 66661661 1116661,
66161 616 6161 61161616 (166611 66661661 1161666616 666661166666
1161, 1616 6611 66166 61661616 6 1661 6 66661666, 6666 6666661616 1661116666
1166616 161666 6111 6616611 6 66166161 do 1611116 6 (166166 16161
61611111. Poukazujice (1616 k 16666, 16 6111 6 16166 na Η666166661 666
6161666 6 16 (1661116 66 grok 1611666161 1611611611161666 1616 66616·
6666, 16161 1 16 661 16116661 (11616616 66611661 16161 6661611, 6666111
616616, 616 „pro 66611661 6161166 666 6166166616 11661666ιι dal 6666
161666 16166· 6 6161666 6611 61666666 666 6661666611 6 666 16116661
66166666616 666166661 1161 uby jim vysadil 6166166161 6 6661
6611666161, 661166661161611611 61611 k prodeji do 611616 16116 666666.

1666 gr. 66 61166616161116661 6 161 16161 6616611166616, 116116 tohu
6611616 116616 161666 list 66111 16611 111611 od 66616 6 66 6166 6661 6666
,mati navafikiemu 6666 6666166611, 6666 6616666 111611, 6661616661 666666
6616 1666166, 16 od 1616 66661 616 16611 6 1616 1616116 11666 61166 66
66161616 bylo 16 6166 66616611 6616111666 111611 6661 16161666 6666
66616611, 1616 md 6116111166 6166666611, 166666 1661611616666166 dem
6661 11616 6661 6611611616 11666666 6 66661661 6661 1166616166161666, od

1616 66616666 6166666 1111 166 6166666611 661116 111166 6666616161·
²⁸⁶) 8666616661,

2⁸¹) Β66166616 166611666 1. stt. 11 6 99.

 

