1999.   439

1911919111191911191 11111111911111 11911 1111199 1111991111 1191191119
191111 rabili, 9111111111 1111911191 1911111111111 19119191991 1 pri·
vilegil 11 11111111 119111 191 11111111119191911191Ρ19191111119 119911
1111991 9111111 11191 111111 91 91111191 1111111 1191111111191, 11-
911111 1111191111 1 111111119911111, 11191111, 111199 9111119 1111191111
1191911 1919119 191111911111119 111111119, 119111 1111 119119 11911
privilegii 9111191111 111911, 91111111 9 191111 9111911 191911 19111111·
91191111 19 11111119911 1111 119111191111111 1 1111 9111191911, 19
pak 111911 11 191911 1119 1111991111 1119191911 9 19111911 11119
11191199, 1111119199111111 99 1111111 119191119 9111199119111191,
19 119111919 119, 119, 19 119111 9111911111 1111 11911 191111111111
neb 1911191191 111 pergkmistru 1919111 1991 1991111111, 119 911
1191919911, 111191 9111191191 11111191, 1111991119 919119Κ1111111111119,
119119111919 911111 1111111, 1111191911 1111111111, 19 1111 911111

1919191119111 1 9911 1191111 191111; 191 19 1911 1111911, 1111 spra— ’

1911 11111 1111119, 91111119 111199 1 19111111 19191911 bez 91191111 pfl
911111 111911 191111119191111 19 11 pole 1911111111 a 1111 1119111119
19119111199119 9119111111, 111 111119 mimo 911111 111 191111191911
k 19111 91 nas 11111911 19 99111911991111111111, 991119 1111 19111119
191 911111 11111, 111111 11119919111111111191911111919 pergkrecht-
11191119; 1 19911119 99 19111, 111 1191191911 1111111111111191
9111911191 neb 1191911191119111911911 19111 1111911 11111191191111
1111111111, 1119 111911, 119191191111919111111111 1 111119 1111111911
1191111, 111991111111111911191111 9111111 1111911911 19119111, 11911
1111199 1 19119111 1111111119111111111, 11911191119191911191Ρ19191191
1111991111 91911 1919 1 1911 191111111 19 119911 1111991 1111111119
1911911111191 91191 191111111111919911119, 1919119111111119, 111119
1111111111111199 191111911 11111911 191111 19111119191111 (19
11911111 19111 1119111911, 11111991, 1191191 1 11191991, 11119 1111191-
91111, 191191191191, 11111111111911911) 11 91111111 1911111111 1 1111,
jak 1919 11111 1991911111 1191911 1111 1111911, 199191191111, 111111,
11111911, 11111911 neb po 19191111 119191111991111111 111111, 111
1111 11919111 1191111911 1911 9 1911 111111 zui, 111 9111111 111911
pergkmistrskem se 11111911 1 19 1111111191 911111 91911119 11119
po 911911 bezo 119911 91191111 1 19111111 1111911 1911111111, 19111
111119 1919111 1119111119 111911 11119 99111111, 1191111 11919111

 

