LXXI

hylo 01111110 1 01111111011111 011101110, 111111 111011111011 10-
11111110111110111111111111 1101010111, 1011011 11111011 11111 11111
0111 1101111111 1010110111 11 privilegia 11111111. 1111101101 1010 111-
“ 1110111 10 Μ1101111111111101 10 11111 1101111111111010, 111 jich vy'sady
1110 1111110111 1111011011 111111 101111111 11111111 1111111011 1111.
81110111 111110111111010, 101. 1648 101111111 11110 8111111111

1111101 01011 1011 Ρο11110111 1 11111011 1101 10 1101111 1 10 (1011101011
11011111 1111001110 10 110 22. 1111111 1648 magistrat 110111 1100111
11111101111111111 10 11000110110011101, 110111101 1101111011010111101,
1110110 1101101101 10110 1111111 11111 1 101111 moe ve 110001 101-
1101110 11111 0111111111)

11110101 11111111 011110 1101101111 111Μ110111111111 1111011
1649 1110111 111 za 1011111011 1111101 1 1011111111 101101 11110111
a 111011. 1101011101 1 nich 1101110111, 1111101101· 011101 11110111
1111111001 10111111101 1011111111 111111 11111 11111111111 11011
101 1101101011. 1111001111011111111 11110 11111110 0111101 Svedske
«1011111111 10 1010, 11111111 1011 1111010111 1111 1011111111, 1110111111 by
1111110 1110 10110110111 10 110110, 1110101111, 111 11 110111 1111111
1111111101 1011101, 10110111111 111111 0111111011Μ11011111111 101111
1111 11101011, 111 1111101111 10 1111110 1111 10 1111 10101110 11111111
1011111 1 1111. 1110111 1010 111111, 111 1111 1111 1100111 11111
v 111111 1101 111111111111, 11111110010111 (10811101111111101, 10 1101
1101 11111 (1011110111 1011111111 110 1001111111 1101011 bran 1110 10-
1111011; 1110 011111 18101111 010101 1111111 10111 11111111 10111100 110
10111111, 11011111111111 10 Labi 11111111 111011 1111111011 1 u 011.
111111 1 01010 1111111111, 1 domu 81111110 111110111111111111 11111111
11111, 1111111111 v 111 11111 1110111011 0101011101 1011111011 11111-
nem 11111111 11111011111111 101001110111111111111 101111111 10101
10111111 1 101011, (101011111100 10 privilegia 1 r. 1534222)

2111011011 1101101110 1111 111 1101101 0110111 1110111110, 11110
011111 811011111101 11101011111111101. 111111 1011111111 ΠΙ. 101110
24. listopadu 1653 111111 11111111 11011111, 10111111 1101111110101011011111111 ,
11111110 111111110111, 110101111111111 1 Μ1110110 1Η110111 1111101010

²²²) Sb. 1. 111. 811. 111 80101111 Prag 1. str. 111 1101111101 Codex 111. 350.
²²¹) Archiv 1011110 11110111110111111110. 1101111111). a.

 

