CXXXV

Ρ11 111111 11111111111111111111111111111 1111111111] 1111111111- ’

1111 11111 1111111111111 Ρ1111111111 zato, 111111 1111111 1111111
1111111111 111 1111111 1111111111 11111111 11111 Ρ111111, 111111
111111, 111 11111 1111111111111111 11111111 11111111 1111111111
113. 11111 1829 1. 34801, 11111 1111111111111111111111. Dle 111111
’11111 maji 11111111 11111111111 11111 Ρ111111, 111111 11111111 oby-
111 111111 Ρ11111 1111111111 11 1111111111, 1111111111 1111111111 11
111 plat 11111 1111111111 111111111, 11111111Ρ111111, 11111 111111
11111111 11111 11 1111 (11111 111 11111111, 1111111111 11111 1111111111·
placen-i 1111111111, 11111 1111111 1111111111111 111111111111111111,
11111111 11 11111111 1111111113401

1111111111 Ρ111111 1111111 1111 1111111111 11111111 od 11111111
11Ρ111111 11 111111 1111111111 1111111 1111111111 1 11111 11111
111111 1111111111, 111 11 to 111111111111Ρ111111111 111111111111111,
11111. 180811111111111111111 11111 1111111111111, 11111111 11111 111-
11111 11 11111 11111111111111111. Κ1ο111 11111 1111111111111111111
1111111111 11111 1111 1111111111. Β111111 1111111 11. Β11111111111
11111 od r. 1191 11111111, 11111111111111111111 111111 1111111111111

1
1

111111111111111111111111111111111111.01111111111111111111111111111 1”

1111111 1111111111 111111111 11111111 1111111111 1 11111111111 01111111
111 81111111, 111111 se 1 111111 r. 1808 11111111 mezi 111111111111
1111111111 111111111111 11 1111111111, 1111 111111 11111 1111111111
1111111 111111111111111111111111111 1111 1111111111, 11111 1111111111

1111111 111111 181111111809 11111 1111111111, by ze 111111 1111-

11111111111111 11111111111111111111 1111111, 11111111 1111111 11111
11111111 111 1111111 1111111111. 111111 111 11111 od 1111111111 11111

‘*--·—..-.--

¹⁴¹¹.» 1111111111 c. k. 1111111111111111 111111 28. 1111111 1862 11111111111111 taxa 11
1111111111 11111111 1111111111 111111 111111 111 1111111111 11 1811. a pro

1111111111 35 kr.; 11111 11111111. k. mistodriitelstvi ze (1112111111. ¹·

1878 1. 141031111111 jest pojednou 111111 111111 111111 1181 11. 111 mimo·
1111111 1 11 51 11. 111 1111111 1111111011. Ζ1111111 1111111111 1 obme-
zem' 11111111 11 11111 11 11111111111 11111 1111111 11111 11, 1111 by o tom
11111 1111111 11111111. 0111111 111111111111111111 (11111111 1111111 ο111111111
Ρ111111) 111111 11111111, 11111111 1111111111 1111111111 111111111111111
dle 11111111 1111111111111111 11 dne 10. prosince 188618 11111111. 1 1.
1857 1111111111 11111111 1111111111. Δ

 

