458 1181.

111111 privilegii 1111111 1111111111 111. 28 v archivu 11111111 musea za nai·
[111111 „Pi-ipis 11111111, 111111111111111111111, 1111111111 1111111 11111 1 1111111111
(1111111 111 1111111111 1 trhy i jinak 1111111 byn*

* (111. 111.
1184. 1111111111. 111111 11111111.

61111· Rudolf II. prodcica' 1 1111111111 [1111111111 1111111111, stas-§im
1111111111 1111 1111Ν11111 1111111 Ρναὶ11111 11111111 a pauetvi k 1111111111
1111111111, 1111111111 a zddus'nim.

Rudolf 1111111 111111 11111111 111111 11111111 11111· 11111111,
Cesky' 11111 111. [1111111 1 11111111 11111 1111 mill. 1111111 1111
1111111111 (11111111, 11 1111 11111111 moni 11111111 1111131111 [1111111111
1111111111 1 1111111111, 11111111 11111111 1 111 1111 1111 111111
111111 111111 Ρ111111111, 11111111111111111111, 1111111 111111 11111111.
1111111111 1 11111111 1111, 111111 111111 11111111, 1111111, 1111111111
1 (1111111, 11111111111111111111111111111, 111111, 1111111111 11 11111,
(11111 1 11111111111111 111111, 1111111111) 111111 a vsi poctivym
1111111111 (lo kolleje Rejnske 11111 111111 1111111111 11 11111 111
kop 1111111131111111 11111111, 11111 1111 1111111 1111 111 11111111
11111116.11111111111Η1111 11111111, Item k 1111111111 11111 1111111,
1 1111111 Β111111111111 na vsi 111111 Herynku 1 1111 111111 1111111111,
11 111 Η1111111111111 1 11111111 1111111 1111111111 a 1111111 1111111111
11 1111111, 11111111 1111111111, 111111111111111111 11111 11111111
11111 (1111111111111 11 11111 11111111 1111111111 1111111111; 11111
Κ1111111111 111 1111111 dvoru kmetclm sblovbkem 11 111 (1111111111
11111111 1111111111 1 1111111111 11 111 11111 1111111 11111, 11111 1111111
1111111111. Item k 11111111 1111111 11111111 111111111111111 01111111
11111111. Item 11111111 11111111111111Ρ1111 11 111111 11111 111111
11111111 1 11111111 1111111111 1111111 1111111. 11111 11111111 1111111
11111111111111111111111 11111111111111111 11 (11111 1111111111 11111111
1111111111 1111111111. Ve vsi Dobrovici na dvoru 1111111111 1111111111
1111111111 1 1111111111 111 111 111. Item k 1111111 1111111 1111111 Voj-
11111 1 8111111111, a 11 1111111111 opatrny'm 11111111 11111111 1 111
11111 (11111111111111111111111 11111111, 111 11111111 111111. Ρ111111111,
na vsi Korycanech‚ 11 vsi Oujezdci‚ ve vsi 1111111111 11 11111
(11111111111111111 a 11111111, 11 111 111111 1111111, 111111 1111 1111111111

 

