XLII

166611. K 16616 6666111 61661 16616 16661661 d. 6611166121. 1166161560,
16 111 166616 1161611 616166 6616 616661 611666 61111111, 6 61611116 se
66161666616 66 8166616161 661161161661 61661661 6166666611 6166
1611116 6166 6161166616, 616 81616 166616 611 616661 6616161 6661616611,
do 11616 by se 611 6 Η616166116 6 odjinud 66611616 6 61116111 166616
by se v Praze 6161116611 616616, 161 aby 6161616116 6 6166666 661-
6116 6161 6116661616. ’”) Τ6616 1666166166616661616 61616666116161,
11611 1161611, 616 jim 61661 66611111 ,61616661 6161161616 uad 6161116
pozemsky'mi k 66611116 6 61666166 6 166616 jich 6116111661,“ 16 61116
16 666166611 6666 666166 Μ6611611166661 6 aby 16116 66161 616 16116611.
0166 66 16 66661116 61611611611 6000 1616116 6 1116 (16611116, 16 ji
r. 1562 1616616166 6611661166161661611161 6 6611111161 66616 66611·
cen0.¹¹⁴) 1166666661193 bylo 61161666 81616666161661 16616 61166,
16 166166 6666 16161 616116 66616166 16666611 666 do (166166661661
166 161666 111166616 111611 6 16 61166 1616 616166 1 16611666, 11611
6166616 (16616 maji, 61166611511116166116161616 1 61661 61661666 66-
1666111 6616 6666 6666 6161116; 66661 66 666116 66166166 66611166
jim 61166, aby statky 161666 166 161666 (1616 6161116611 661611.1“)

¹¹⁸) Sb. 6. 218. 0616 666611616 616. 16661666 6616611 6166 6 66616 6116666661 61
1666. Ρ 166 6616. 6. 1 6 arch. 6. 61616611116161616 dle 1616 61661 66 611. 416
teto sbfrky datum j0j1 opraviti. 616. 66 66666 6616166666611,
316 6 386.

wffiam

¹³⁵) Sb. 6. 281.

¹¹⁸) Β1161 66 66661 1161161661 1166161661 611. 947 11666616 666 Ζ61611, (16616161-
6666161 6 Β1161616 6 6616666161 61616611 6 616161 (16616661 6611116 1111166-
611116, 16111 (1111 66161666661666116666 1611661166 66 8611116116 161161,
161 81616 616616 1. 1626611616. 11611666 6 Β11611 1666666 byly 6161 r. 1616,
66161 dle 1161166 6. 601 66161 6161166 m. Prahy koupili 6616 6611666111
6 16116 8161616 1 1166616 6166161616 1616 66 4600 166 6111. 6166166 6616-
66616661, 1116166 111161 6 Η161166166 66 6666616161 1616661661 6161 6 61616
161616161 1616 16116 1161666616 66 1666161 616166661616161666161666
(81. 6. 247 6 866166 (16616 ΠΙ. 611. 36) 6 dle 16616166 11166116 66166616
1. 114616116166 66. 8166161666 611. 127 616661 1161116 6 domu 1111661-
1616, 66616616 6161616 616616 Ρ66161616, 66 111 166 6611616166166616111
661 1111161116 66 66161 61616666616161 6611616116 616116 1 611 6161 8161616
616616. (116116 6. 617 611. 98 661611666111616.)

 

