78

(11111111 jich 111111 111111 lm 11111111, 1111111111 1111111111, 1111111111
1111111 1111111111 1111111111 1111111111 11111111 1 111111 11111111 1111111111
maji, 11111111 111111 mest& 111 11111111 11111, 1111111111 1111111111,
11111111 111 11111111 1111111111 k pruojezdu 11111111 11111611 1111111
1111111111111 1111111111 111111 11111111111111111111111 1111111 1111111
11111111 1 1111111111 delati pro nic 11111111 moni 11111 ani 111111
1111111111111111. Τ1111 1111111111 11111111, 11111, blm, 1111111 nebo
111111 (11 1111111111 111111 1111111 1111111 11111111 1111111 1111111111
siti 111 11111111. Ρ11111111111111111111 mesta 1111111 z 1111111111111
1 11111111111 sam 111111 se 111 11111 1111 &eled proti 111111 1111111
1 11111111 111 11 jich 1111111111 1111 1111111111 takovy' 11111111
1111111111 1111111111 11111111 nebo 11111111 1111111111 11111111 111111
1111111 111111 1 purgmistru 1 1111111 11111 11111111 11111111 111111
1111111111 111111 111111 propadl jest 111 11111111111111111111111111-
1111111111. 111111 jisty'ch jich 1111111111 1 11111 1111111111 ai do
111111, 1111111 11111 11111111 1111111 1111111111 11111 1111111 1111111111
1111 nebo 1111, jich 111111111111 1111111111 11111 moe i 111111 11111
maji 111111111, 1111111, 1111111111 11111111 svb 11111111 1111111111 1111
11111111 1111111111. 111 11111111 1 11111 mest& 111111111. Τ11111111111
11111111 1111 1111 11111 111 1111111111 111111,·111111111111 1111111111
1111111111 111111 111111 1111 111111, 1111 pfl 111111 1111, 11111111
1111111 11111 111111111111111 111111111111, 11111111, 1111 1111111
11111 1111111 111111 1111111111111111111 1111 11111111 1 1111 od jich
prava 111 11111111111111111 1111111 11111 111111 11111111 1111111111
11111111 11111111, 11111111111111111 1111111111111 bude, 1111111111
11111 11111 11111 1111111111 11111111111111 111111111111 11111111
11111 1111111111 1111111111 1111111111 1111111111 se maji 1 1111111111
«11111111 1111111111 1111 111111 1 1111111111, 111111111111 111111
11 1111111111 11 111111111111111 111 11 1111111111 11111111 111111
1111111111 11111 111111 1111111111 1111111. Τ111 111111 take 1111111111
111111 11111111 111111 111111 1111111111111111111 11111111111111111·

1111111· 1111111111 11111111, 11111111 1 11111111 11111 1111111111 111111
1111111111 1111111, 111 1111111111 1 11111111111111111 111111 1111111111-
1111111 ι1111111111 (11111 111111 111111111111111111111111. Τ1116 111111

11 1111 1111111111 11111111 11111111 111111 111111 11111111 ΡῐᾶὶὸῙὶἕῑΠ

wrm* 11111, 11111 ,111111 111 1111111 11111111111111 1111111111 Vita,

 

