CXLV

. 111101 11001 010110 00111101 0 11111110011101101111101οΡ10111110

1111 se 1111, 1100 11001111 1110111111 1011111111 010 1 11011101 1110100·
1011100101 10110 (1101011 0101Ρ101011 01 10 11010 11111915) 1011111111
1001011101111 00 dne 30. (1111018321110 11010111 1111111111010111110
11011110 0101 1101001110 0 (1011101011 1011011110 1101111 110101101110
00 (11021001111018391. 1201 hyla 1010 1111101101 0111001 vy-
11110110, 10 00 meze 11010 1111001110 01011, 101 00 10 Ρ1011 101111
0101 110000 Ρ10100 1000, 11101111 10111. 0111110 neb 1711, 111. 1. 1 0 sice
0110111110 kene 0101 111110 (10111 110 00110101110. Το1101110 vy-
1111111 1101110111 1101100 01101001 0111101011 01011 1011001110 1110
00111011 0001101011111,0110111 11111 00 01011 1111011111 1110101111 (10
111010 1110100110 11111 11010111 00 0011101110, 0 proto zemsky‘m
0111011011 00 dne 6. prosince 1882 e. 14 0011. 0011011110 1110 (110-
101111 Ρ1000 11011 0111001 1011 0111010110, 10 00 0101 10101110, 011
11111010 po (100111 111. 1. m. 0 11011110 kusu 1101011, 111111 11100
1111 (10111 1101101111 do Ρ1011, 1011 01111011011011 1 1111011 01010 na
1110101111, 1011110111 1101111111 300 1110110111 111101 01011, 1111111010
111110,1001110 00101111. ,

14. 010001 00111100. 010101101111 01111011.1562 11011111 na 011101
soleis 1111 11111010, 011 1100110 1111010101 011, 1101011011 k 1111011111
[1010111111 00 1001, 0101101011, (lo 0100111 00111100 0111011011 0 Iidem
11 0101110011 011111110011ιι 1110111011. 8101001011 1101001111 1. 1620
10111110 1111111111 11101111 Ρ1010111111 111110, 011 110110 11010111 1010
011 vesti obchod v 0011 0 110 1. 1620 1010111100 00 00111010, 10111
0111011011 0 01001101 001110 00110111011010 11011 11101011 110101
ii 1011111110 11011011, kdo 11 11 1101001111 1110110101Μ) (1001100101ιί
1110101111 11010111 1. 1611 Μο1001101011111, 10 1110100 10 0111001 8101110
0101110 mesta 011 011111. 00111100 01011110011111, 10 11011011 10110
1110111010011 1111111011 01010101 011 11011 1011110 mezi sve 0110111-
0111011 11101010113111 1101111111] 11011 1011001111 00 dne 5. 0011110 1183
0111010 1001 1101111001 0111010101νο 1111101011 011 1101100 1 1110101101

10110101, 111101 00101111 0 1111111101 40 111. 10101110 1110111010 0 110-

————-—-

²‘⁵) Dle 10010110 na r. 1881 1111011 1110101111 ’19000 01.
³⁶⁶) Sb. 1211306 0111010 110011. 150 110 0111111111.
³⁶³) Sb. 1. 331.

 

