444 1661.

na 1116116 Ρ16161611116. prosince 1667, 1116116 1616616 16 Vidni 16. 1611161747
6 1161111161 Ι. 1611111111 13. 11161116 1808.

’ 66161.

1667. 1611116116. 111611 11616111.

01661Μ66616111166 Π. 1161611616 [1611161666 6 rad& 166616 Ηναάἔαη jich

6116116916. Datum 66 161666Ρ16161616 6 66116111 po 61661161166616616166
domini 16116 1666 1567.

2111111116 1 1661116661 privilegi( 11161666611611 616616 1111166616 IL 1116
11111111 22. 1611 1666 1, 6. 71 1 61611111 16116111.

66. 161.

1567. 23. 1161116. viden.

01661 Μ6611611166 ΙΙ. 1161611616 6661116, 1611161116, 61661116 Ρ161616ψ11
ijiny'm 16161616 1161666161 61616166 66666 6 6666663] jim 1161161166ιί
1666661163] (16616161 udam.

My Maximilian druhy 111611 16116611 161661 1116611 61661, po
116611 basy 161166611161 1116 6 Uhersky', (1661111, 1161161611, Char·
vatsky 616. 1161, 6161161161161661616, margkrabie Moravsky'‚ Lucem·
11111616 6 8161616 111116 6 16111611 margkrabie 616, oznamujem 111616
11616111 116111, 16 11111111 16166 11616116 66611611 (111611 6166161611, 116611
66111, 11116116, 1116616 1161616 1 1166 11166161 116616 obeo 1611611161
611 61611611, 16111611, 6611161161, 6161611661, 1166166166111161616611661-
611611 1 116611 6111161611 61611611 1 11111611 11111161 16611611 6111661161,
1111116 6161111611 66111611 11616 01166616, 1161616116, 616616 Κ6116,
111616 11661616, 616616 2111666116, 11616 6111661116, 111616 1166161616,
11616 1111116, 1161611611616166616616161116611116 616, 1Μ611 pana
6166 11666116 1616116111116, 1166111 166161 dane 611116 61 (16111611
6111111 (111611 bez odporu 6111161111 1161161616 61 616116 1661161611
6 6116161611. 116111 6111111 6166 11161111Κ611116166, komny, 1116661111
1161166116] 1616611161 1 1616 61661 1 1111111611 6666166166 661 616
, 161611 1611161611 bez 111616 61611111 666661, 11111611661666111616111611,
6616111 11611 6161616611. Item 11111111 6166, 16 1661161611 mame 1611

 

