1⁴⁶¹- 101

Ζ101101 10110 11010111 00 1111001101 11111111 11011 1010110101111. 1483
11 1488 1. 11 1 1101111 111011 Prahy.

11. 00111 01. 100).
1001. 11. 110111. Pruna.

011011 11011 1110111111 10011, 111111010111011, Lucem-
bursky' a 81010111110111 1111111011 1111111110 010, 01111111011101110
1101011 11011, 11101 101111 1011010 1011001111111 1110 60011 10111
010101111 11 111Ιο 0001110 101011, 1111111011 1 1110111 1011101111
0110, pfl 1101111110 111011 1011101111 od 111101, 1111010111, 11101
1 0100 11110101110 0001110 111111 1 1101011 0110, 1110101110 11101

11111001, 11110011011101101 110101111 11111 1110 1101 1101011110
1 1111101101111010101101101 111 111, 11101 11011010 1111 111-
11011111 8111111111, 111100111110110111, 111101160111 1110111 1011111,
1111 (1111, 11111111 dati 111111; 1111101 11010011 011100 (100111111111,
1011101101010011 10 111 1101110001, 001 00 1101 11111111111101
1 take 1010110 111011101110111 Ρ111011111 1110111 1111 11011011
1 11010111101011111111, 1001111001011110110 1101 k 0101 01111111
0101111111 1010110 11111011011111110 10111101, 11010111, 10 1111
my, 1011110 10 my 111 11010111111110101110 150011, 111111101110
1101111011, 111011118101011, 111011 1 111110111 1 11111111111111111-
1010111 1101110110101101111 0111 111 1101 1111001, 11111001, 0101011101
101111011001001110101111 a 0111101111 010011 01101 11111 11011001,
11101 10 110110 10111 10111111001. 11011 10 110011 [10111111] (11111
1111101011111 11111111 0100110 Κο111, 111101101111, 01001108111111011
i 111011111011001101,11001101111101 11101, 111011 101101-
1010111 (3001011 1111001111 111110 11 111101 111101011011011111-
0101110111011001, 1011 1οι1 0 1101 1011 1 1111011111 11111, ty 1111110111
bez 11011111 010011 (111011, 11111111110011 11111111. Item [001 111-
11001] 11111101 nebo 110110 od 10111160011 01111010, 0110111-
11100110 1 1100 (1011110 0111011 0111111111 0 1101 11011 1 1011001 10111
01101010011 [011111 101[10111110110] 10111110110, 10 te 1011111111
111010 (1011110 11011 1101011101101111011110. [111] 110011 1101
01101110111, 111011111111110011011, 1111011 60111, 111111 1111010111
ὒο011111 101 00 1011101111, 0111111 1101110110101011 [11001 1111010111

 

