LXXVI

11011011 10 1100011 1111111011, 1111101100111011111011111110. 11011
1111010 10111010 0010110 0110101011 011110 1110111111 0111010011 ku
81011111 1011ος011011 11101 11110 dle 111111 11110111 1101111 01111011
’ 011111 0110101111 1100101011, 101101 stare 111010 hylo 00111 11110110.
11110 11111 1111010 by‘ti 1 11011 111011 101101101011110 0 01111 1111110
1101 1111011, 11011111 11101010 1011 1111111 0110101011, 10101 11111011
110011 111101, 101 privilegia 81010111011 110011101οΙ0 011011011110-
10101111110111111 11011 1001011111 1111101111 01111111. 10111011 10111
1011101110 privilegia 81011110 111010 pro 1011111010110111, 11011100
111010 1111111101 1101111111 01100 810101101011, 1110101111 1011110 1110-
, 101110110110111,001100 1101011ιέ0111 01111010 0101 1. 1348 1 11-
11111010 00111 11011111 0010010111 1101111, 11011111 00 1110101011111
11111111 1011 11011111 10010111011.

110 1101 1101111011 r. 1348 11011111 1111011 1111111011 1010101010
00 1011111 0001111111 10101111 101101110011111111111 111011 11100110101101
00111, 0111 00111011 0101101111111 11011 110011111, 0011 0010101011 sou
101111 01 placem 1110111 10 1011011 111101011, 11101100 1111110111111
11101111 berni 1111010101 1011110 110 11011011 letech 0 sice 110110
11111101111101111 11011111111111011111110101111 1 0110111 1111010. 11110
1010101010 00 101001111111, 11011 1 starem 111011 11111111 101110οΙ0
111010101011, 0111 00 1110011101οΗ 11110111 1011 1011011110 111010; 110-
10101010 00 1111111, 0111 00 1111101111 111100101011ς 1110111 1111 svato-
111011 1110111οΙ 00 10 81011101101011011011, 1011111 00 10111 11101111-
101010 01111111111011111110 11111 1101111111οἭ1) Κ111 1101 11011 1111010
1101010 00 1111111011, 11010111 111Κο101 10111 1111111110 011011, 101
1. 1350 111111 11101111 11110 81110011, 1. 1360 11001111 1111 10 011101
0 pici u 1001010 01. 1111110110 1111 1011111011 8010111101 0 1. 1367
01101 01011 01111011 01011011 1111, 111 trh 011111 0 1101111110 10111110
011111110 1011101111 1111101111011111, 1111111101, 0111 tyto 1110111111
11011011οΝ011111 1111011 00 1110111011 0 0111 11011111 1010110111 1111
0111111111 10 1110101οἐ11 18101111 111011 11011011, 111111 10 0 nimi
10111 1001111131)

Ρο101011 101011011011001 1011010 11011111 1111011111 110010010111

²³1) 01. 0. 10-00.
²³²) Sb. 011. 808 01. 71 081.

 

