1000 325

11 0110100 11100 1110011101 101100111110 01010110 11110 0 0 811100111111
nemzi, 01010 1 1 0001 1101001010, 1 1101 11111001. Ρ111010 1010 1100000011
00110 1101010111 11111011 10100 1110 11100 0 11010111 1100110, 01010 1000001
1011010, 1011100 11001, 110101 1111001101011110, 101 011 001
1 1010010 1011010 1000 111 11001010, 11101, 1101001110 111 1100101101
0 1 11010010 1011110 110 1010010 1001011111101011 011011,0111101011
0 11011 1001111 0 1110 010. Tuto 1111 1010 10110 1101 1010 1101000 0111001
0 1010 1011110110, 001 0011101, 1010000 01110010 101100, 1010 11010
11011 0 11111 01111 01010 10101 010010 1101010 011 110011 11100 11011
0 101111 010 11011010 0 0111010 100010 100101000010 0110001011 0 10
101 101 00110, 10110101 001101111001 110101 1111110111010111011111
011011011010, 111101011011010 1101011010 0 1101100101 001110 110·
10101110 1001010, 01001110110110110, 11010101111011 1010 0001 110-
10111 1111, 1010110 1011110, 011110 1001010000 10001001 0011101010 100010
001010 Νο1010 Ρ10101010 1111 1001 1111 11001 1011001001 0 0110101001
001010 1 1010 10001011 101011, 111011000101011101100100101011, 1010101
jim v 1010 10 11010 11010101 00010100, 001 1101101 111011100110 oby·
101010 10100 010111 1011110110 10101010100110 1011010 10010 0 00101-
1010 1001010001 101101 101101 001111 010010. 10111 na
010101010 110001 0011 10111 1111101011 1 11010 1010010 1111100111 10010
111011. Dan 00101100 1001011 01111111 0101101110100110 01011,
01101101οο1 1011011, 1010 1011010 110101010 1101101010 0101010011010101110
1001010000 11010011 a 001010 11100011 01000.

Ad relacionem magnifici 1010101, domini Alberti 10 00101101 01
10 11101010, supremi cancellarii regni Bohemie.

Κο11011101 0 11111101111101001001011101 0. 3311101 1063 10101110 1101111011
11101101010 ,1)1010 rozliene‘¹ 011. 101 0110110 ,1111110110 N e0·Pragae“ 0. 10 011. 11
101011. 10. 11011. -1110101101011101011101101010 0. 101 011. 0701 0111. arch.
1110101001 010100101, 01101 11101110110101 10011. 10010 1000 1001011 1 10001οο11
1101011101 0 10111101 00 0100 1010101011101.001110101010100001100110001011
00111010 01111010, 10011 110110 101 tento: ,10001011111110110 1110 111010101νὶ0
1111010110οι 0100111101 0 10111101 1101101001 100011011000 0111011110 000100 00-
11110111 10001, 0111 1101 1001010111 110111 1011 010010101 110110 0110010 0 0101101
1111110011 010010 101010, 1 000110 11101 011 1111100111 0001 pro 0111101101
0011110001 0 0011001100101000010010110010, 001 10010 101110101001 mesta 101010
10100 0011100001 111010 11101 011010110001001 0 1101101001 001110, 10110 ,ieet
11001 11101111011100001111 10011 1100101111 111111 1101111101 0101 000100 1111

 

