1111. , ” 417

v 11111111 jim mezi 1111111 11 111111111111 1111, 11111111 1111111111
11111111 111 1111111111 11111111 Com 1111111111 111111 neb 1111111111111
11111111 pokut 111111 11111111, 1111111111 1111111Ρ11111111111111111

jinak listy 11111111 1111111111 1111111111, 11 11 11111111111111111111, ¹
(111111111111111111 111111 (11111111 1 11111111 1111111 1111111111 maji

1111111 11111111 11111111 11111) Item 1111111 1111 11111 11 1111111111,
1111-11111111111 1111111111 1 Ρ1111 11111 11 1111 1111111111, 1111111111
11111 11111111 11 1111111111 111 11111 11111111 61111111 1111111111
1111111111 1111111 1111111 dal. 1111 111111 1 111111 po panny Marie
111111111111111111111 1111111111 1111111111 1111111113) 111111 11111111
111111111111111 11111 1111111111 1111 1111111111 1111111 1111111 1111111
1111111111 111111, 1 11111111 111111111111111111111,1“1111111 11111 (111111,
11111111 jsou jich 11111111 11 11111111 1 1111111 11111, potvrzujem.
,1111111111 1111111111 11 111111 11111, privilegia a 1111111111 111111

111 jich 1111111111111111, 11 1111111111 1111111111 11111 111111 1111111 ,

11111111, 111111 11111 11111111 1111111111, jakozto 111
11111111 11111111 11111111 1111111111 11111111111111 ramme: 111111

11111111 11111111 1111111 pfl 1111111111 1111111 11111111111111111111, ·
11 11 111111, 111 1111111 11111111 1111111 111111111111111111111111 ·
11 11111, 111 1111 1111111111 11111111 11111111111111111131111111111 '

povinni 1111 11111111, 111 11111111111111 111111111101111111 1111111
11111111 111111, 11111111 1111111 1111111111 111111, 111 1111111 1111111111
11111111 1111111 15111111 111111 Ρ111111111 11111111 1111 1111111111
nam 1 11111111 111111 1111111 1111111111 11 111. Α 1111111 1111 1 1111111111
11111111111 budou 1111 1 11111111111111, 111 1111111111 1111111111
od 1111 18111111 111111 Ρ11111111 1111111111, 11111111 111111 11111111
na 11111111 111 111111 111111 111111111111111111111 11111111111111
1111111111] 1111111111 11111111, 111 1111 111 11111111 1111111111
1111111 11111111 11111111, 111 11 1111111111 11111111 1 tom 1111 11111111,
11 1111 1111111 11111111111111111 11111111 111111, 11 se jednati
111, 111 11111111111111111111111111111 111111 1 111111 111. 11111111
111111 11111 111111111111111 11111111 111111 nam, 1111111111 1 1111111111
mim 111111 111111, 111111 1111 pozuostaviti 11111, a 111111
1111111111111 111111 1111111111 1111111, ’111 1111111111111111111

²²) 11. 11111111 1111 1. 111. ²¹) 14. 1111 16381. 2²6·

 

