1649. 613

3331131113 33313, 131313 3 3133 1311, 333 3 31131 1113113111 3 33 13 311
31331 ze 333311 31133 11333313, 131333313 31313 133313 1113311313 3111331,
13113311331 111311, 31111 131333 11131113 3 1113313 113313 311313311131
3 31331 (13113131 13 13133313 331131 1131311 1133131 3331 3 3311313113
313313133113 1113131, 31131313313133313113 113333333113 31313 131131
333113 133311131133131113113 331331131333131, 3313313113 1333111311 3331,
3133131313111131 31131, 11331333 33 (13 33113313133111113 [1133131331
333113 31113313, 3313331 11313 3313313 3313331333 3 3113333113 3331313
3331, 3333311113 31313111 33131, radi a [13313333 podstoupili 313111 131
3313 131 1111113113 3 1311333131 31131 31313133 1133111131 3333131131
1131113113, 131333, 13313 3113313 3111331111 3 1331313311, 33131131,11·1-
1333131111 3 3331131 1131113, 131 33331333333 1131311 331133 3113133131-
33133131 331331133113313 11311331331111, 333 1 (1313113131333 1131111333
11333311 3 33133 1133331 133133311111 33 33333311 3 3331333311. 1311
13111 1311133333331 3311 31131 3 3331 31111 Ρ131333 3111133131 3331
1111133133 13313333131 3131313333133 33113 13 podivu 3 1111113113
33113313 1111133131331133331 33313 33 1131133333 1311113113131133
3133133113331 1 1131113333 3113133131 11311 31311311 3331313331 11111133
13111, 131111 13313 13 3313333311 3 31113311 3331 31331313 3 1131133313
333131131131131 3133131131 3 11313331131 1311331311 31131111, 31311111
3313 11111133 3 8131113 13331313 331113Ρ13131113 31·333311; 1313113
1133133 311 131131 111311331113331311 11313311 3 3333131111 13331111, 311
13 131, 1311 33 ted 31131133311313, 3131133 1311333133133 basy
3 31131 13113313 131 1 1313131113 331113, 1 3133131113 3 113133311111
33311113, 1113331131, 111311313333131 3131333133, 11111113 1 3111113
31333 33313313 sice 11313313113111331133113131 31333131, 1333131131
1131331 3 1133111311, 1311 1331133131 3313131133131, 1111 1333313133.
313313 331 33113 13133 1131311 33331313 1313331111 31133111113111
3 33311, 133 131 131331133311 1131 131133 133131131, 1133131 3133131131,
13113333 1 33 333311 113131 3 1133113131 31131331, 11131 by 33 1113131
13113 za 313333 11111 313313 3 311313, 3133133311, 31133311 331311111
(13113131 bez 13311313 [11311111 13113313 13111313 1133313 3113311

133111, 1131311 3111331131113331111; 131111 31113111131,1313331 33113- ·

11333313131, 331311 11333 13131313, 3 3331133113 1311331311331333,
33 11333131 131133313131131 3313131, 3311331313133131 311331113331313
13313311331333313 3111131311 1111131 1133313131 33131333, 311313113

 

