ψ 1110111011111011; 1111011111(101111101011110111110. Ρο1110 ·
110110, 10 110101, (10101111010 111111 1 1011111 1101111·0111111001111111; ‘

1

CXXXIX·

11111011, 1)Ιο 1110110110 1011011- 11110353) 1010101010 00 1100101111111111
·2 0111101111 10 11110 111110111011111010111, 101101 111010 1011111 11101110

1011010111111 1111101011111ς 0110111 (101110001110110 1011101011 11111 Ι,
1101010 sami 10101011 k 1101111111 111111 10 1110 (111 v 1000 neb ·

11111, 101111111οθ 1011 1111111100 0110111 1111111111. 11011111 (10111
1011 11100011 1111010101νο 0110110111 10 dne 91111110 1849 12381. 1.
11101010101010, 10 k 0111111111 111111 1110111011 1001011110 10100000
10110110 110111 0 k 11001011 111111 1111011101] 1110111 1011110111]ος 11110-
01010111 1011 10 dne 20. prosince 18119 1111011011 0110011 1110111110 0 011-
0101111 10 1111011 111. 62-11), 1010101111101110 1001011111111111111111,
10 1111111011 1101110 1110111101 1111101111 obeo, 1111010 00 11111 0111111011,
(11011101110111011011 101010111111111 1111, 1011 1011110111 111101110110110
8111111111 11101. Na 11110111 10111 111101 01101 0110011011 01011101 1111010
Ρ10111111111111101110 27. 101110 1872, 11101111 1111011 sou 010111
11111 1111111. 1851 0 1861 01011 11111110110011 00111101111011111
1101111011, 101 1101101111111 1000 0111011011 10 1110111 10110111 1101-
sevzaty byly. 1)101011010 11111 0111111100 1111 1Ρ101011111111 11-
10111011 (0 01. 100011, 0111010111 001. Μ11111111 10 810101101011111
11111011 0 0 01. 1011 0 01. 11111 10 11111011 Μο1001101011111), 101

111011 1101111 0011 (111, 11110111111110111 0111111 1111001111111011 110- .

101010 11101111101110 11111 1110110 111011 1101111011 nebo 01011011 111111

11101111011101111101 1. 132 11111 1111001010110110. 1110111 10110 01111111 .

001 Ρ1010 10111010 10111011 11111 10 1011111101 11·11111011; 11110111
11111 10 0111101111 1101111110 1111011801011111111101. 1811 101
01111011 81010110101011111), 10 11111011 Μο1001101011011 0 1011011011

111011 11111111 01011011 11111 1111111 (11101100 1011110 0111011 01011011
101111 11111011, 0111011 11111 11, 1111111 1110111, 10111111 (1010110 011110
1111111110 11110111.

10. 1110110111 z 111110. 1011110111. 1001011111 r. 1549 0 01111
1162 81011110 111010 ,11011 1 11010111 011111111“, ,10111101οὀ11 11111

1001111111 1110111011 10 (1101110 0111111011 111011 0110 11111 1101011100
1010101011, a ,11110111 1111011“1011020.10110100 1822 0 1111011 1110111011

0 10111011.
⁸⁵¹) Srov. 11. Α 14 011010111011110111011101111101 1. 1127.

 

