438 1111.

0181111111 1110 11111111 Η1111111, 1111 1111111111111111111 mest
Praiskych ο 111101111 1111111 111 1111111, 1111111111111111111011,
1111111111 1011 111111 1111111111 neb bez 11111110111111 neb 111
11111111 11111111, 11111110 11111111 11111 11111 11111 1111111011
k 01111 111111, 111 1111 1 11111111111110 11111110111111111 a 111111,
1 11 11111111 11111111111 11111111111111111111111111 111011, 1 1 1011
11111 11111 11 11111111 1111111110111111 111 1111111111111111111011
1011110 11111111 1111111 1111101111 1111111111 1101111101011 111111.
11111111011 11111, 1111111 1 1111111111 1111,1111111011111111
11111111111111, 1 1111 111111111 lide 111111110111101111,111111 tom
111111 1 jiny'ch 11111111 11111111111111, 101111111111111 suad 111 11
11111111 (11111111 1111 11110101, 1 111 110111111110011, 111111 11111
11110111111111111110 1111111111 10101111111111111, aby 011 1111111111
1 1011 111111 duom nebo 11110111101110111111111, 11101111111111111
’ 111 11111111, 1111111, 1111011111, Μο1111111111111111111111, 11 111111
by kdy 1111111111 111 11111111111111110111111 byl 1111111111, pro
lidi 1111111 1 111111111 1111011111111111; pah-li by sami sto by'ti nemohli
111101111 11 11011111 11101111 111 1111111, 11111111111101111111
11011 0111111111 1111111 0 to se srovnati 1 111111111 1111111 amoc 11111.
1111 11111 11111111 111111 111111 111 jiny' 1011111 ani 111110111
¹ 111111 111111, 110111111, 1111111111111 111 vsvobodny'ch 11111111
neb jiny'ch lidi 11111111 1111011111 111 1111111 1111111111111111111
111111 111 111111111 dati 11111110111011111111 11110 1111, 11111-
10110 110111111111 1111 do sklepu 1111110 1010111111111111111110-
111111 10 1111111 111111111 111111 Ρ11111111 1111 1 1111111 lidi
111110111111111 111; 1111 10 11111111 01111111111110111 11111 10-
11111111, 1111111111111110111111, 11111111111111, 111101111011 11111111-
111111111111101111, 1111111111 1 111101111111111, 11111111 11111
10 k 11111111 111111111111 11111 111 perglnnistr 111 hor 1111111111
110111 111111111 111111 1111111111 1 1111111 by 111111101111111

11101 1111 1110111111110101111 10 1111111, 1111 1111111 1111111, 1111
11111 maji, z 1111110110 11101011 1 111111 011 1111011111111 111111
11111111111111111111111010111 111111111111111 11111110 1011 111 1111
1101101 10111111 11110 11111111111111 1011111 budou, a my, 11111011
1111 111 11111111 1111011 (11111 jim 1 11101111011101 1111111111 111
11011 1011111 privilegium 1111111 11111111 1111110 0111111111 1111111

 

