165⁷. (547

1101101110 (1111101111041 a aapoaledy i list Ferdynanda (1111111110,
0011 10011111 111111111οῐ1 111011111111 11111111011111 100111011011110
1111011010 0011110 1011 0110100 0111111 1111110111 100110110111, 10
jast 1111011110 1111111110 (11011101001111ῥ) 1 11011111 111101111 110-
1110111 011 1111 1111110100 11 brada 111011Ρ11101111, 111111110111011
1111 11111011 001 1 01101101 1111011 Praisky‘ch 1111110101 1100 0010-
101011 jaon, 10101110 0011111111, 01101111 1 0011111111, 110 ije (11111
111110011 1111 1111010101 1 101011 11111111 1 011110100101101111 1101111
1110011111 0111111111 111111. Kjajichito 00111011 0100111 1 0110011111
jiah (10111111 1111001111 1111101111 100110 1 0011111110 0110111 (10111110
101011110011111, 01011010, 01111101111111011 001111οη1 cela a 1000-
11101111011, 0 (1011011 1011001011 111111, jisty'm 1111011111, 0 raddon
1111001 11110111111011, 111011 1111010111 11101101 ty 1101111 01011010
1 0111101111111100011101 11010011 11111001111011 01011011, 111 jak
jsou jich 011 11 0001111 bez iijmy 00111011110011 10110110 11111110
v 1111011 11111111 byn, aetoliko jsme 0011111111, 01101111 11011001
jejiah 11111, 00101011, 1011111011, 1111011001 111101111011 10 011110,
101 1110 11110110 1101 111 01010 od 01011 1000110 byly, 0011111111,
ale i 111 1011111 100101101111 (101111 011 §osu 1110101110 0111111111
1111001111110 00 10οο1110111 1100101111, 1 11011 je Hradianska 0 00111-
11111 111010 11111111111011111 01011111111111, 10111 1101011101011
11011 11111111 01111 000111 1111010 1000111 11101010 (111111Η1111-
111011 101101 1010111 1011011111110111111, 101110 000111111101110111
1 (10101011 10111111 111; 1101011011 10111 buda 11111001110111101
10011 11101011 001111 1111100100111111111 01111011 0011111, 11111110
bad abac neb 111110 1111111111 takovy' (111111011111 ceni. ujiti
111111101010111 011111, 10101111, 011 10111 010111111111111111111
01011001 11010 1101111 01011110 (1001111 bati, 00 01011110111101110011
11101011 111011 11101101 111101 1110111110 01111 000110 (bez vyjlmani
1111 11001 1110101110 01 cum oneribus realibus 0111111110, 110111
1011111 111110 111010 (1111101 (10111 1101110111 0011101 buda) 11101111,
akdyby 00 10111 00 0010111110 11111111111110101 alienationis 011-
1101110, 111 0011010111111100111101110 biti 1111; 0111100 10111 1010111,
aby pii 101111011 0011011 0111111101, 101101110011 obeo Hrad·

⁴) 0. aaa. 0110.

 

