(le

111111 11111111 1111111111 1111111 11111111 1 11111“, 11111 1111111111
,11·1111“, ,111111111111111111111 1Τ11111“, ,11111 1111111111“,1 ,11111111
1111111111111 11111, jak} se 1111111111111 111111. 1111111111 111
1111111111 111 11111111 11111111 ,1111111111ιι 1 ,111111 11111111 1111111111
1111111111 1111111111111ιι 1 11111111 1111 11111111 111111 1. 1184 na
1111111111 11111 11111111, 111111 11 1111111111 1111111 111111 111111-
1111111354)

1111111111 111111. 11111111 11111111 1111111 1111 111111 1111111111
1111111111 11 1111 21. 111111 1786 1 11111111ἰὲ1111 1111111111 ze dne
10. 111111 1181 1111111111, 11 magistrat 1111 111 1111111111 1111111
1111111111 1111111111] 1111111,111111111 1111111111νὲ 1111111111 11111111,
111 111111 nich 11111111 11111 1111111οό111 fiili 1111111 (1111111111),
1111 11 11 te 11111 11111 1 11111111. 0111111111 11 1111111111 1111
11111111 1111111111111111111111111111, 1111111 11111111 11111111 11111111

’5181114181 1810. -1111 1111111111 1 1111111111 obeo 1111116 11.
1781 (1111111111 1018 1 11111111 1111111 Ρ11111) 11111111 11111 1111111111ὼί
(111111111111111111) 10811. 19 111. 1 1111111111 1111 1111111 1111111111 11 mista,
11111111111111111 1111111111 11111111 neb boudy 1111 1111111, 1111111 11111111
11111 11111111 11111111 111111 1111111611 1111 in 11111111 1111111111 1111111111.
11111111111111111111111111111 (,11111111· und 11111111111111111 denen in die
stadt 111111 vernus einbririgenden 1111111111) 1111 11111 1111 1111111111 11
1088011. 11111 1111111111 111111 11111111 11111111 se: 11111111111111111111111),
111 11 1111111 0111111 111111 1181 11 1113 xl. 1111 1111111111 1111 11
11111111 11 11111111 111111 11111111 111111 1111388111.; 1111111111 111
1111111111111111111, 111 nich} 111111111111111 111111111 se 111111,
11111111 111118 111111 1111111111 po 11111111 11111111111111 tyb 111111
111111 ku 1111111 11 1111111111. Ρ1111 ty 11111111 visk 11111 10 11 01 jnr-
11111111111111111111 11111111111 11111111 Mna, 111 11 111111111111111
1111111111111111111111111111111111111110111),11111111111 106111 388112οὴ.
1111111111 11111111111111111111111 1111111 neb 1111111 11111111 1111·
1111111111(,1111111111111111111111111111111 11111111“), 111111 111111 11 1800 11.
11111 11111 se 111111 11111111 11111 11111111 1111 diadas 1 11111 1111111, 111
11111111111111111418 11, 11111118 v 1111111111 1111111111 111 11111111, 1 1111111
111111 138011.1111111111(111111111 to 11. 412-11. hylo r. 183111111111
1111111111 1111111111 18111111 1111 111 1111111111 11111ίέ11111, 111
manici 811111111111 11111111111111 1111111111 090 11. Do r· 1181 11111111
kupci dm· 1111 1111111 1111111 ,11111111ιι 11 me 11111111 1 11111111 po·
11111111 um 11 th 1111 11111111111111111111111.111111111111111111
1111111111111 111111 11 111111 1111111111 pro 11111111 11111111.

 

