CXXXVIII

1111111 11111111 11011111 1111011111 1111111111 111 0111101 110101, 1011111110
1111 1111· ῖ. 111-1 1848 11 1111111 1011111111.“’“) 11111111111111110111
na 111111 111111, 11 1111111111 1011 111111111111110111110111111111 r.
11· 111, 1111 11111110 1111111111111111111111111 111 111111Ρ11111 0111111111
pravo k polovici 0111111111 tam 111, 1111111, (1111111111111, 1111111111
1111 Ρ111111111111111110110101101 0111111111 1101101111 11111111. pa-
11111 11 dne 1. 1111 1848 1 111111110111111111111111 1111111 1111111111
1111011 1111111111111 1011111111 a 11 111111 proti 1111111111 11111 111111
1111 1111111110 111110111111 1111111181111011111 1849 11111111 1111111
1011111111 1111111111 111111.3”)

11. Τν111 111οό111, 1111111111 a dormi. ClsaI FrantiIek Ι. 1101111111
1188811111Ρ1111111111111111 na 1111111111 11111, 111 111111111Ρ1111111111
11111 1101011111. 1111111 1 1111110 1111111111 0111111110 11111111111111111 na
dva 1110111 11111 11110111 10110 na 1111111111111111111111, 1111111
111111 10111111) onom 111111 1111111111111111111,1’1110111111 1 jiny' do·
1111111, 011111, 0111111111, 110011 11111110, 1111111111 11111, 111111
111111 111. na mistech ode 111111 1111111111 11 1111111111310)
Ρ1111111111 11 dne 2111111111 1184 1111111111 11110 01111 1110111111 111111
Ρ111111101111111111111 1 po 11011111 11111Ρ1111111111 1111101110 11110
111111111101111111 (1111111111 11 dne 1111111 1181311) 11 maji 11
1Ρ1111 po 111110111111101111111111 1110111 1111111111, 1110111 10111

111 1110111 11111 111 (11111111 1 1111111111 11110111 11 1101111111 11111
1 1111 111011111111111 11011 1 1101111111Ι 11 11111 (1011111111. 1111010111
1111111 101 r. 1191 11807 0110111 11111 11111 1 1111 11111111 pro
11111 11101111 1 1111110 11111111111111111111, 1111111111 11 1101111111 11
1111111 1111111151) 11. 1808 1011111111 101 11111 1111111111Ρ1111111
· 11111111 proto, 11 11111 1111111111 1111111 1111111111 11111111111111

Μ)11111111111 c. k. 11111111111111 1111111 11. 1111111 1818 1 1111111111 1111111111
1111111111 111 111. 181 1. 101.

³¹⁹) Srv. 1111 ῃ111111 0111111111 k 1111111111 11111111 1811111111 111. 43 11111.
1,,1111 Η1111111111111111 111 das 1111111111111111111111111111111.
68111111

¹⁵⁰) sb. 1. 1111, 11, 11, 111, 111, 1111111.

³⁸¹) (1111111111 1111111111 dne 10. 111011 1181.

’12111111 1111111 1 1111111111 debe 1111111 11111111, 1111111 11111111 pro Prahu
11111 1111 ze 11111.111111111181011111111 1110111111, 11111111 111 11111111,

 

