1649. 527

11311111131313313 1111313 131113 13116 113. 116.) - wenceslaus
3131113131113- 11111 1311131311131131111113 1131311111. d. v Praze
2413113 13115113. 111.) -131131313 313. 1113131113 31111 latin·
31113 11311 11113 1311131313 1. 1 Ρι113 23. 1131311311 1454113. 151.)
- 1111311313 313. 11131311131111113111311133 11311 3133131111113113111.
1. 1 Κ13313113111113 11. prosince 1462113. 1112.) - 11131131313313.

1113131113 31131 1311131111 11311 11113171311313131. v Ρ1313 21. 1111113
1412113. 11111.) - 1111· 1111311311 etc. (Nasleduje 23111 1113311113
11311 313313 1111113113 111. 1. 1 131111 3311111113111314151. 114.)
-111111111311311 313. 1111313111311111 1113311113 11311 111131 313313
1. 13 11111 22. 131113 1411 113111.) - 111131131313 313. (1113131113
11111 1311331113 11311 1111311131131313 1. vPraze 18. 111113 1411
113. 111.) - 1113131313 313. (113131113111111311131113 11311 111131

11113 1. 1131111111 11. 1131311311 14111 113. 1113.) - My 113113131 313.
1113131113 11111 13311113 11311 111131 11113 1. 33 Ηοι1311111111311
21.). 13113133 14111113. 1811)-1111113113131313. 1113131113 11111
13311113 11311 111131 111131.13Ηοι1311Κ1131311 21. 13113133 14111
1. 11111.) -- My 11313131 313. (1113131113 1111113311113 11311 111131 11113
1. na 11311311 1111111311 21. 13113133 14111 1. 1111)--111113113131 313.
(1113131113 31111 13311113 11311 111131 11113. d. na 1111111 14. 1111113 lim
1.211.)-111113113131313. (1113131113 11111 13311113 11311 111131 11113
(1.1’1111 21. 1131333111 1513 1211111-111 1131131311 313. 1113131113
3111113311111) 11311 111131 11113 1. 11111 21. 1131313111 15111 (r. 2111.) -
111131111311313. (1113131113 11111 13311113 11311 11·1131’31111311131.
1. 111131 14. 1111 111131 113. 2211.) -1111131111311313 (1113131113
1111113313111311311 111131 111131. na 113111131311111211. 1111 1541
113. 231.) -1111131111311313, (11131311131113113313113 11311 111131 Ι
11113 1. 1311311 11313131112113111 1541 1. 2411.) - 1111311113111

313. (1113131113 11111 13311113 11311 111131 111131. 13113111131311111
311. 1111 1141 113. 241.)-1111111311 313. 1113131113 1111113-
311111) 11311111131 11113 d. 1311311 1131313113 2. (111113 1551 1. 2411.)
-1111111113111313. 1113131113 31111 13311113 list-u 111131 313313
1. na 111·3(11Ρι·31311111 4. prosince 15511113. 2511.) -My Ferdinand
313. 1Χ13131113 31131 13311113 11311 111113133131.13 11311 Praiskem
25. 1113313 11112 113.2511-1111131111311313. 1113131113 ment
13311113 11311 111131 3133131. 13 11311 1113131113 22. 1111 11112 1. 256.)

40*

 

