LXXIII

1010 00 010 101101110 1100οο110 1001111001οι 1000101101 011010010 100110
00111010 011000110 00 k 110110 011001010οι 1110011111. 100110 110101001110-
111011 0111001011 010 110100 011000 0100011010. 1111110010 00 1011111101
0111111110 00101 0 00 0111111101 0110 1 01101011 Μο10011000110011 00-
1000000110100 00110 100101011; 011011 1010 010011 0011101000110110011,
0110 110101100111011101010 0011 1001010011 111100 8001010111 01111001-
0100 0 0110 00 mu 00101110 11111111 01 0010101,11110111100110101011
0 01101001 110101 001100111011 011 10001011, 101101 10111011 111011 1 Sa·
011110 (10010 1100 111111 1010101011, 00011011 010 011010 10 0001 11000
0111010101 01101010, 11110 100001 111111 11010101110101101011. Ν1010101010011,
10 0100110110, 1110100010 011101 0111110 111100 00 01010, 000000 011·
0111000 0 000101110100 ku 1101011001 10110 011010 0 001001111 01010, 10 by
1 110110110οἐ 10110 001 1110110110 0000101110 0100111 001000 0110111.
1101111 01011 111101 0001100 12. 01000 1616 110 (110110 00101 (10-
11101001 (11010111 1100001110 10 dne 9. 1101000110 16116 01111000 Μο10-
0000011010, 10 01001 101110100100 011001111 jim 010100111110010 0101-
0001111 je. 0010101 1011001011. Ρ11011011 00111 0010 1000001111)οΙ vyho·
10100, 1010101 01001 (I. 1101100 16111) 0 100110 01010000 00110 11111
10000111. 1001011 111. prosince t. r. 11111 00110114) 111011010, 10 00
1101001100111 1011001001] 11111011 ’11101 0 01010101 1111011, 00110111 jim
01111 0011101, ,0011011 1 jich 011110100101001“, 0 0011 11011 111 11011
11010, 0010110 1·. 1541 01111010 byly;²²⁵I 1110101 10110 0111111 0110 10111
1000110, 00111 1. 11149 8101010101111 0 Νο1001101111 0111111011. Ρ111001
, 1110 101111 01110 0111100100000100001011 0 0010111011 001010011; 10-
00111111 10101011 0110 1100100010 00 0010110110011101; 0011100111, 10

10111001 1 100111 1100001110 (11010111 0010101011111010111 maji 00 0110
011100 1101111011 010101 000110 1111011 11101 ,010111101“; 1100111 01011
10011 01010110, 01101111 jej 0110010101110111101; 0001011011 0110 11101100
00101101 0111110111 0 001011101110 01010110001 1111010101 100010110,

...μ-

²²⁴) Sb. 1. 333.

²²⁵) Sb. 1. 191, 198, 110 0 224. Ζ11011 list z r. 110111981010 000111 1101 00·
111100 01110011 10110 000010 sou 10111 do 110011101οο011νο 110101 r. 1335
0 1199 (Sb. 1. 15 0 190) 00 (1111· 11011011 0101110110 001 10001001 101110 11011
1010000011 11110011 11101, 01 01010 1111011 0111001101 100100
0 0 1111000111 1 11011 00000110 01101 11010011000111 000100000011010.

 

