410 1193.

010111 maji, 0000111111; 11011 11010111 0 1011101010 neb 1011111111010100
1010001 11010011·000111’011 01000 1181010100 100010 by 01110101 1110011111-
00011 111010, 1 100 10110111 111011 1001111011 10000111 11010000 1011000010
10010100, 101100 1 1110110 0110011 101110 001011000οῑ Ρ1101 10000111 11110
11010010 10111 111011 (110010 1111101 1100000, druhy' za plankami 1111
ceste, 1110111110 0101001100001110011110 011010 Ρ1010110110 10110, 11011
0 0110100 0100110100110101 11110111 neb 11101111 zahrady Jana 01110010,
011 1101101110 0101011001 11110010 1101010100 ten 111011 11100010 Meu·
01110 0111010 1101010110, 11011 10000111 11011 110111 11100010 81010110 mesta
Ρ1010110110 00 11100 easy 00101011 1010110110; 11011 011111 10111, 01101
00110100 mezi 10111011οι01 1111ρο11011οί, 10 1010110 1011001 011100 1111010
0111001101οη0, 111011 jejich, trubami ‹10 10111 1111011 111101011011011101
1110011110 101010 Ρ1010110110, 0100111 1110110001, 10 01101101011001110001,
0111 00 01101 1010111101ιο 1111001 011110 1111110111 10111 101100 11110111
1101111111, 11011001 jsou. 11011011000100111100110110 110110 (101101010110
1111101010110 01010101 11011 jsme Stary‘ho 0110011110 01101 1101011101
0 1101101 1011010101 1101011 0010 0001111111011001111 0 1111100111. 81010 00
1 0110110 110 1101011100 01011011 Ρο110 0 Ρο110 0101101001110011, 1111111110
1100 0110100 10110000, 1010 110100101111010110 (1010100110110 1110110110.

Orig. 1 01011110 10. Prahy 11, 1. 20. Bez 1101011. 01001000 1011 1101111101ιεί
privilegii 110100000οῌ01 010010110011011101. d. 00 1110110 1101011010 15. prosince 1817
1, 1. 88 1111011110 01. Ρ10111. - 80110010 10 1110011 10110 potvrdili: 101110001111110
1110111 Ρ101011101 11. 1111100 1828, 1110110 Το10010 10 1111111 16. (101100 1741 0 Fun-
111011 L 10111101 18. 1111100 1808.

* (110. 280.
1593. 1010110000. 111011Ρ1010111.

01000ν Rudolf ΙΙ. 1101010010 primam, purkmistm, 1000101οἳ01 0011101101

81000110 011010 Ρ1οΞ1110710 11010110φί0 111000111ἰώ 10101110, 11010011 jim je

111οά11001 10110 F ardinandl. a 111001001ἶὶ00Ιὶ 0001111111 0 0011001011, 0 vy·

sve'tluje 01111ονιί jich 0010000001011011110010, 0 11100011 111001101πί01 i do-
01001011 vin a 0 0100 0000 1110011100 1101101000.

Μ11101101111111111111011 01110011 10100111100111 01001, 110 110010
0011001001 1000010110, Cesky‘, 00111011, 01010011 etc.
1011010.,0101110110110110000110, 10010111οὺ10 Μο1010111, 1000001010101

 

 

