1611. 505

01010010 0001 11οο 0100010011, 1011, 000001
0 0101101011 11111, 0101110110 1101001011, 1001111101ίο Μο1010111, Lu·
0010101011 0 81010111 110110 0 10110111 100111110110, 0000100100 111010
1101010 11010, 10 1000 00 01010111 1001100001 1100011 0101111111
Ρ101111 1 00 0110111110100111010111, 11101011 1001 JMst 0110110 11100111
01001 0 11101011, 10011 11111, 110101111011 1 1011 01110011, pan 11011
0110010110111, 11001101 privilegia od 1101011101 010101 0 01011 1010111

1100110 000ον a 1001110110, 01001ον 0001, 000000 0010 ·

Μο1110111000, 1011100010 0 111110 1101101010, 111 010 111 10101 1110
111110 jak na to, 011 001010001 1001 0 Ρ1011 0 1101101 100111 11·
1111101 001111, 1011 1 00 10011000101011 11011001 10110011111101111111,
011111 se jim v 1101111011101110111011101 0110101101 010111 010-
110101 0 10100110111110011101 0 10100110100101101 0 1110 1101111111

1111, 0011100110 101101101 0110101111 10001001 1101011 11111, 101101 ,

1000 0110 1011 11011 10 originali [01100111 110101 01011 1010111 010010 Ma·
1110111000, 10101 datum 00 11011 1101011101 1 111011 po 01010110 1011
1011111001 pina Krista 11110 10101010110 1010011110 0010111011 item
010010 11010110, 11011 101010 0011011 Ρ101011110 1000110 10 1111101100
100 0101110 1101001100 11110 ρο10101101110 001010011110 00110110 ²),
10111101 111011 po 10011100 010100011101110 111011110 1010101101110 ·
101010011110 111110 ³), mmm pak 1010011101 vidimus z registratury
. 1000011110 0011100111, 10101 101010 1010101110 100 0110100 Julii 11110 ,

’ 10101010111010001001111011111041, 110010001010011001, 01101010 -

jim 1011011 1100111 privilegia, 10110011, 001101010001001, 111010101111 ’
1101 110011101 0 1111111101 1111110011 0 0111010, jak 1010 1000101
1 1111101 1000, 1011001111 1101111111 111111. Κ 10101110 10011001 010-
10101110011 0011100101 100000,Ᾰο 1011110 1010101010, 001110 1101110
11101010, 01011001110101 001101 0111101, 01101 1111010100 11001101
jim svrchu 10001 0101011, privilegiaq milosti‚ 0110101101, 10001001
0 0101011111 110011101 1 111111010111010111010 1101010 001110 1011001
101101 10101, 10101001, 1001111011, 1100101101 0 0111101101 10110 00100
011001011101 110101 1001101001, jak jim 01111011 0 110111 010010
11010110, pana 110110 001010 0010101110, 1011100011 1000, 0011010101,
0100101011, 1011110101 1111100, 0011011 00110110 1110 101010 11010

111219. ι11119. ²) 1. 181. *18111271

 

