,111

1111 111 1111 1111111. Ne} 111 1111111111 1111111 gr. (1111111111
1111111 11111, 1111 11111 1111111111] 1111111 11111 1111111 1111111
1111111111 11111111 11111, 11111 1111111111 1111111111111 11111 11111
111111111111111 11111111111111111111, 1111111 11111111111111111Ι
111111 11111111111111111. Protei 11111111 1111111111 111111, 111
11111111 111 111111 11111 11111111, 11111 11111111 111111 pravom 111
111111 1111111111, 111111 1111111 11111 stoji. 11111. 01111 1111 111·
1111111 1111 111111, 111111 11 k 111111 11111 1 1111 1111111111, 11
111111 111111, 11 11 1111111111111111111 1111111111 111111111ῐό1
111111, 11 111 1111 1111111111111 1111111, 111111111111111 11
11111, 1111111111 11111, 111111 nato 11111111 1 11111111 111111
11 11 11111, 11111111 111111 11111 nich, 11111 11111 11111111 11111111
1111111111, 111111 1111111111 1111111, 11111111 11 11111 1111111 11
11111111,1111111111111111111111 1111111111, 1111111 11 11 to 11111
1111111 1111111111 11111 11111111111111 111111111111111111, 111 111
1111111, 111 111111 11 tom 11111111 11111111, 1111111 11 nich 1111 111111
111111 1111111111, aby 1111 11111, 11111 11111111111111, 1111111111 11111
111111111. 11111 1111 11111111 1111111 111111 111111 1111111111111111
neb 11111 1111111 111 1111, 1111111 11111, 11 11111111 111 jak 1111111
1111111 ani 1111, 1111111, 11 1111111 1111111111111111, 1111 11111
11111 11111111, 111 111 11111, 111 1111111 11111. 1111111, 11 1111
11111111111111111111, 11111111 1111 11 1111111 1111 1111111111, 111,
11111 1111111111, 111111111111 1111, 1111, 1111111 11111111111111,
111111 11 111111 111111111111111 111111 1111111, 11111111 11111 mezi
1111, 1111111111111. Adruhdy se 11111 11111, 11 111111 mezi 11
111111111111111 11111, 1111 by 11111 1111111 byli 1 11111 111111-
111111, 11111111 1111 1111111111 1111, 11111111-11 1111111111 1111111
Α 11111 by 11111 11111 1111111, 11 111111 1111111111 111111 11111 pro 111
1111111111 11111111, 1111111111111 1111111 11111 1111111111111, 11111
11111111 11, 1111111111 1111111, 1111111111 111111 11 to 1111111111,
11111111 111 111111 111111 11111111 11111 Α 111111 1111 11 11111111-
1111111 111, 11111111 11 1111111 1111 11111111111111111111111 111111·
111111. Item. Β1111111111111111111111 1111111111111111, 1111111
111111111111 11111 111111, 111111 1111111, 1111111111111 111 prv-
1111111 111111 11111111, 11111111111111111 1111111111111111, proto
1111111 1111111 11111 1111111111, 111 11 11 11111111, 1111111 11 11111

 

