XXXVIII

111010 11011111110110 10110 1111011 1110001011 010 11111 1101110110 11110111
0110111 11111001· (111011. Ρο11110111 privilegia, 11101111] 111011 110 1101110011
1111010011 10 0011101110 0011 1101101001, 11010110 00100111 1110111010.

81010 1111010 1111001111 101110 0 (11101110101 011 111110, 01101010
1001 00 01011011 011010 101101 1011110110110 1100101001, 101 8011111011ιί 1.
1 100110101110 1110011111 111101011111 1100001101. Ρ11111010110 10110 0110
0110011111 0101111 0110110111 10101001010 00 od 01011 1101110 11111, 10
110110 1101111101 1110010111 1101111100, 1010010100111101010111 000 10101111
1111010110ἰο 1001011 10110 1110101110 0111101111 810101001010110 111011
0011101110111011 11111 1111011ος113) 11110110 10111 111101111οΙ (10101 10111011
1011010011 00 0111111 111οᾱ111111, 0111101010 1 nich radu a rozhoduje
0 1010111011 00· 101111 odstupujlcl 1010100101. Κ101110 10110 11111010
1 11010111011110011 0 1110100011 8101011111 11100111 10010, 1010110 primas
1110110011οΙ 10 0111011101110111011 010111 100010101010 k 1110111 1010111011
11101110011 0010110101οΙ0 00110 0001111 1101111011 1010001010114), 1010110
111111 1100 1110010 00 0110101010, 10 001111 11100101011111111101111, 10111
101101 k 00111101101110111111 111110111111111), 11010110 1011011111111011111
0 10 11011110111011 10100111 1110111 0 1011101011 1011101101011ῑ1611110111111
01111001100010110110 10110. 1111011 01100111 0 00011111 11110111 10110 ne·
1110110 00110110 011 0110110000 001011101111101111011 111101.

11011010 1111011110 11101010 81010 1110010 101101010011011110011.
000 1101001010 00 0011011111οω 0 10, 0111 mu pn'vilegia, 111010 110
(11010110 1101001011 00101010, 1011000110 11110; 011011 80111001111101 00
1101100011 1101110 k 1011111, 101110 r. 1557 111 11011 na 10111001 1101110110
111111 11010111 1110010, 10 0111111101.Ρο110011011010111111 8101011010110 111101
0 10 1011 110 10 11010 1011110111 privilegii dal 11110101111, 1111010111
11011110 0 01111010 0101010110111 11110 1100011011οΆῑῦ 8100100101 110
111010101110110 0110101110 0 0010111111ιὶ 1110011 010101011 1101011100 10110011
1011011000111110111101101001011 1111110111, 010011 01010 1101 1101110110. ¹¹⁸)

1¹³) (11. 11 v codex 01. boh. 1v. 1. str. 9⁷.
ιΗ181). 1, 147 110111

¹¹⁵) Srv. 0111111110 01101110 0110011110 1. 1600 list Η. 1.
¹¹⁰) 001000.

¹¹³) 8111. 217 110111, 149 a 250.

¹¹⁸) Το11 110 111. 01001 Μο11101111011 IL 0111010101 1101011001 Ρ10101111 110011 111
111001 1 11111011 110011 1 111001, 111111 ho r. 1⁶70 1011011, 1111110 privilegia,

 

