Ἣ.

1491. ' · w

1111110 1111111111 1 0111011111 1111111, 1110111111 romyulm ι*
11111101 1111011, 11001 1111011111 1 (1101111011 1111011 11111010 wei Μ·
11010111111111011 111111111 1111111 1 11001 111111 1011010 11111110, m·
111 ode 111011 01111111101 1 111111111101 na hory 11111111 &m-
1111111101, Νο101111111110111Μ11111110111111 Ρ1111116110, Eudemum
a 1111111111ῌο1, 11111 1 1111111 11110111111, 10111111101111101111
od 1111111110 1111110 1 1101101110 11111 1011 1011111111 dolo -ΜΙΙ
Item 1111111 1111 1111111, 11111 1111111101 111111 1311111110, Now-'fl

1111111110 11111Ρ1111111011, 1Η11111111 1111) 1111111011, dudm
a nebo 11111111, aby ji v knihy pergmistrovy 1111111 dal. Amby
1101111111 111111 1111101 111 1 1 1111111011 11111111011011 11111116, ani
1111110 11110 11111111 011111, 111 11011 1111 11111110 (1011111101111101111
ani 1101111111 do 11111Ρ1111111011. Item 111 11111111 11. Η1111 111111
vina ve 111011 11111011 111011111111011 10111111111 1 1111111111 111111
11111111, 11111 11 11110111111111011111111111111 11111 11111 111111111-
11111111 110111111110111 1101111111 11111111 1111111111, 1111011 111111 111
11111111 1101111111111111. Item 001 11 1111111 1111111011101111,
1111 1111111111 1111111111 1110111111 1111111 11111111 1111111111 1101110
10110 111 11 1 1011111 1111111 11011111 11010111111. Pakliby 1110 111110
1111111, 111 10111111110111111 dati soused 11111101111011101, 11111111
10 11111111111,111110111111111111111111111111111. 11111 111111111-
111111, aby od vina zbieranie 11 do 81110111 11111111111111, 1111111111
111 11111 0111110111111111111 do ,1111111110 111111Ρ1111111011 1110111-
psany'ch pod 1111111111 1110101111 110 11 do 81110111, 1 1111111111 11111
1111 11111111, ta aby 11111111111111101111111111 neb 1101111111
do 1111 1111111111. Ρ11111 by 1110 11011 10111 11111111, 10 1111111110 11111
111111 11111 1111111111 101111 101110 11111111111011111111 jejich 1 1111
(11111 10110 1111 maji 11111 1111 111111 1111111111. 11111 11111 1 jin&
10111111 1111111111) na 111111 111111011011, ty aby byly 1111011; 11111111
11 1110 10110 (10111111, ten 111 1111011111 10111111 (1111110111 1101101
1311111011. Coi 101111 111110 1 11111111 111111110111101111, 11111010 1011
11111111, 1111111111 1101111111011, 1111111111110111 10110 111111 111111
11111111 1 ten 1111111 10 tento 11111110111111111111011111111111
11 8111111, 11110111] i v 1111111111 111111 Ρ111111111, 11 Η11111111011
1 11 1111111111 11111111111111011, 001 1111110111 1101111111 1111, 11-
11110111 1 1101111 bez 1101111111 111011 1111111111 11 11110 1111111011.

 

