490 1111.

(1111. Ρ1111 11111111 1111 111111111111111111 1111111 11111 11111111
1111 1 11111111 1111111111 11 11111111111 11111, 1111 111 (1111111, 11
1111111, ti a 111111 11 1111111 11111, 111111111111111111111111111
1 privilegii 1111111111 1111111 1 1111111111 111111 111111 Κ1111 11111 1111111
11111111 111111 Vladislava 111, 1 take 111111 Ferdynanda 111, 11111111
1111111, 111111111 1 1111111111 1111111111111 11 1111111111 11111111 11111111
11111111111111111111111111111111 1111 1111 11111111 1111111111 1111-
11111111 1111111111 (1111111Ρ111111111 1111111111 1111111111 1111111111
11111 1111 111 111 1111111111 1111111111 Sotnovskemu z 1111111 1111111
1111111111 1111111 1111111111111 11111 11111111 1 to tak 1111111111
111111, 11 11111 1111111111111111, u 1111111111111111111111, 11111111
1111111 11111Ρ111111111 1111111, 11111111 a 11 to 11111 jmlti 11111111
1111 11111111 11111 vina do 11111Ρ111111111 111111 111111 11111111 11111
Ρ111111111111 (11111111 111111 111111111111) 1111111111 dati 111111, ten
111111 1111 jim 1111111111 111111 11111111 111-11 ji 1111111111 11111111
1111111 11111111111111111 11111111, 1111111 1 11111111 11111 11111111
11111111, tedy aby 11111111111111111111111111111111 ihned 1111)
11111 by je 111111 1111111111 111111 111111 1111111111 Ρ111111111, 11111
Η11111111111, 1111111111, 01111111, 11111111111,111111111111 1111) kde
koliv jinde‚ 11111111111111111111111 neb 11111111, 1 1111111111 11111111
111111, 1111 1111111 1111111111111111111 basto jmenovanych pri-
1111111111 a d0 11111111 1111111 11 111111Ρ111111111111111. 1111111111
&as 11111111 1111 11 1111111111, 111111 111111, 111111111111111111111111111
1111111111 1111111111 11111 1111111111ιηί 1111111111 11111111 11111111 1111
111 111111111111111111111 1111111111 1111111 111111111111 nomme.
(11111111 11111, 111 111 11111, 1111111 11 1111111111111111111111111111-
11111111111111111 1111111111111111111 1 11111111 maji, 1111111111 na
nich 1 1111111111Β11111111 1111, 11111 111111111111 1111111111 11111
11111 1111111 (1111111111, 1111111111 111 11 11111 dle 11111111οὰ 111111
1111111 1111111111, 11111111 1111111111 1111111111Ρ111111111, 111111
’11111111 1111111111 1111111 11111111 (1111111 1 od 1111111111111111111
111111 1111111111 purgkrabsky'ch 111111111111111 (11111111 leth 11111
1111111111 bez (111111 1111 1111111111111111111111111111 11111111 1111
111 1111 11111 1111111111111 1111111111, 111111111111,111111111’1111111
1111111111, aby 111111 11111111111111 1 1111111111 11111111 1111111111

11111111 1 1111 11111111, 1111 11111 pinet 1111, 111111 111111 11111111

 

