1111. , 421

1111111 1111111111 1111111111 111111 111111111111111111111111 1 svo·
body, 111111 111111 1111 1111111111, 111111111111111 1111111,1(11111111
je 111 11111111 jinejmi milostmi 1 1111111111111111111111111111, 111111

1 1111 jim 111111111111111111111, 1 1111111 11111111 1 111111111111 ,

1111111111111111111111 11111111 1 11111 od 1111111111111 1111111111·-
(11111111, 1111111111 11111111111111111., syna 111111 111111111111111111
111111, 11111111 1 11111111 11111111111111 k 1111, 1111111111 1111111111
Νο1οι111111111 1111111111 1111111 1111111111 privilegii, 11111111 111111111
(1111111111 11111 11 11111111111111111, 11111111 1111111111 11111Β1111 111-
11111111111 11111111111 (1111111111111 1111111111 1111111111111 111111),
jako 11111 1111111111 11111 (11111 1111111111 1111111111 111111. Κ1111
1111111111 11 1111111111 111111111 1111111111 111111111111111111
1111111111111, 1111111111 Ferdynandai 1111 1111111 11111111, 1111111111,
1111111111111 11111 11111111 111111 1111111 Ρ111111111, 1111 11111111
1111111111 111111 11111111, 1111111111, 11111111,11ο(1111111111111ο1
1111111, 111111 11111 1111 1111 11111111111 11111 a 111111111111 privilegii,
sv0b0d‚ 1111111, 111111 1 11111111 11111111111111111111111111111,
1111 11111 1111111111 11111 (31111 1111111111 1111111111 1111111111111
11111111 jich 11111, 11111111, 1111111111, 1111111111 1 1111111111,

jak} jsou 11111 od 111111 111111111111 11111111, 11111111111111111
1111111 1111111111111,111111111 1111111111, 11111 111111111111111111111,
11111111 1111111111 111111 111111111111111 a schvalujem03 totiz: list
pod 111111 buln, 1111111111111Ζ111111111111111111 111111111111111111
Κ1111 11 1111111111 1 11111111 1111111 111111 1111111111 1111111111
111111111111 1111111. 11111111 1Ρ1111 11111111 11111111111111 111111
1111111111111111 1111111111 11111111) Τ111ο1 111111 Zygkmunda 1111111111

1 111 11111 jako 111 1111 111111 1111111 datum 111111 111111 dne
1111 111111 11111. 1111111111 1111111111, 1111111111111111111111111
1111111111 mezi 8111111111111111 1 111111 Νο1ο11111111111 0 11111111
1111111111. Datum 11 Η111111Κ11111111 111111 11111 111111Μ111 Maj-
1111111 1111111111111 111111111 111111111111 1111111111) 1111111111 od
11111 1111111 1111111 1111111111 1111111111 1111 1 1111111111 11 ”
11111 etc. Datum 1 Ρ11111111111111111111 dne 1111111 11111111111111111
111111111111111111111 11111111 ⁸). 1111111111 111111 Ζ1111111111111111111

’1 1. 141. ¹) 11. 11111111 1417 1. 118. ²) 1. 161.

 

