1111. . ’131 '

111111 1111111111 111 dala, 111111 1111111111, 11111 by 1111111
{a 11111 1111111111, 111111111611111 1111101111 1111111 1111111111
Ι11111 11111111 11111111 1 1111 1111 1 1111 (1111111 11111 (111 111111·
21111111 11111 111111, 1111111 11111111111 111111 11111111 1 11111111 ·

ν 11111111. Item Praiany 8111111111όί 1 tom 11111111111111111111111,
; aby 111 111111 1111111111] 11111111111111111 1 1111111111 1111111111

11111 111111111111111111111 1111111111 111111 111111 1111111111 .
ε 1111111111 1111111111. Ti 1111 1111111111 1111 od 1111111111, 1111111111 ·
· 11111111 1111111111111111 1 1111111111 1111111 111111 1111111 1111111
1111111111 purgkmistru 1 1111111111 11111 111111 1111111111 111111
ε 1111111111, jak 1111111111 1 jak 1111111111111111111111111-11
ε by 1111111 1111111111 11111111 111111 11 11111111 1111111 11111-

1 (111111, aby 1 1111 111111111111111 k tomu 111111111111111111111.
11111111 Ρ11111111 (1111111111, 11111111 11111111 11111 1111111111
-· 11 1111111 ‹lo 1111111111 111111111111111 1111111 od 1111111111 ·
1 11 111 111111 111111 1111111111111, 11111111 111111111111111 1111111111,

- 111111111, 11111111111111111111111111111111111 111111111111111 (1111; .
,. 111111 11111 11111111,111111111111111111111111, 1111111111, 1111111,

f 11111116, 111111 111111 1 1111111 111111111111111111111111111 111111 1111111 ’
5 111111Ρ111111111,1111]1111111111,111111111111111111111111111111111,

1111111111, 111111111111, 1111111111, 1111111111, 1111111111 11111111
-1111 jak od slavny'eh 11111111 111111, 1111111 1111111111 11111111 61-

111111, 1111 1 11 111 1111111111, 111111111111111111111111 1111111111

11111111 11111111 111111, 111111 111111111111111 111111111 1111 bez

111, 111111 1111] 11111111 11111 1111111111111 11

1111111111 1111111111 1 1111111111. 11111111 1111111111 11111 1111111111

1111111111 111111 11 11111 1111111 1111111111 111111 11111111111111111

1111111111, 1111111 111111 1111111, 111111 111111 1111111111 11111111

111111, 1111111111, 11111111, 11111111, 11111111111111111111 1111

1111111111 1111111 111111 1111111111, 111 1111111 11111111, 1111161111

11111, 111 111111 1111111111 111111111, 11111111 1111111111 111111-

]1111, 111111 1 11111111111111 1111 1 11 11111111111111111 111

11111111111111111111 1 1111111111 1111111111, 1111111 1111 11111111--

111111111111111 111 111111 1111111 111111 11111111111111111 111 umo- '

111111 111111 1 1111111111 1111 11111111, 1111111 111111 1111111111.

1111111ὒ1111111. Tomu 11 11111111 11111 11111111111111 1111111 1111111

 

