LVI

11111111111111 1 [1111111111 11111111111 11111 11111111 11111111
(11111111 111111 1111111111111. Ρ11111111 1111111 1111111111 111. 1331
11111111 11111 1 11111111 111 1111111111 11111 1111111 111111 11111
1111111111, 111 1111111 jeho sou 111111111; 11111111111111111111111
11111 1111111111 1111111111111111 11111111 11111111111111111111 moe
1111111111 1111111111 1111111111, 11111 1 111111 11111111 111111, 1 11111
1111111111 11111 11111111 1111111111111, 1111111111111111 1111111111
1 11111 111 1111111 1111111 11111 1111 1111111 1111111111 11111111
k 1111111111 11111111111111111111111111) Ρ111111 ty 11111111 1111111 111-
111111111 11111, mezi 111111 bylo Μ1111 111111 Ρ1·11111ΊΙ 11 1111 r. 1331
11111111 1111111111111111111111, 111111 11 1111111111 jich k 111111 pod-
111111111111 11111111 1111111111 1111 11 11111111111111 111111 11111-
111111 111111 11111 1111111111111) 0111111111 111111111111111111
111111111111 1111111111, 1111111111 1111 [1111111111111 11111111 111-
stupuje 111111111111 11 jich 111111 11111111111 1111, 11111 pfl 1111
1111111111 1 11111111, 11111111 111111111 1 11111111111111111 111-
1111. 811111 11111111111 11111111 11 111111 11111111 dle 11111 1111111111
111 1111111 1111111111111, 11111 11111111111111 111111 11111 11111
1111111111111111111 111111111 11111 11111111, 1111111111 111111, 1111111
1111111111, 1111111 11 byly 11 111111111 11 1111111111 11111111 111111.
1111111111 111111111111111 111111, aby 1111111111111111,1111 se 111
11111111 1111111111 neb 111111111111111, 111 111 11 1111111 1111111
111111. ¹²⁸) 111111 111111 1111111 1111111111 111111 11111 1111111111
111111111111 1111111111 11111111. 111111 111111 11111111 1111111111111
111111 1111 1111111111 111111111οῆ111 1111111111111111111111111·
jak& 1111 111111 1111111111 111111111111, 1111111 11111111 1111111111
jen 1111111 111111, 1111111 11111111 1111111111111111 11111111 1111111111-
ceni. ¹²⁹) [1111111111 11111111 111111 11111 111111 11111 11111111 sou

m) Srv. &asopis (1111111 1819 111. 219 a 1880111.113; Ρ1111111819 111. 151,
217-223, 217-261 a 293-297. ’

¹²⁷) Sb. 1. 11.

¹¹⁸) Srv. Ρ111111 1819 111. 180 a 1111.

’1911111 1111111111 11111111 archiva 111. Ρ11111111.111-1171111111 na 11111111
XV 1111111 1111111 111111 91 kop 11111 1111111111 1111111111, 11111111 po·
vinno 1111111 111111 (11111111 11111 do 1111111111.; dale 11111111 pod-

 

