VIII

1111111; 1111 11111 1111111 11111111 1111111 111111111111111111111111111
1111111111, 1111111111 11111111 1 1111111111 111111111111111111111111ς 11 teto
1111011111 1111111 11111111111111111111 11111111111111111111111 politia-mm
11111111111111 1111111111) 11111111 1111 1111111111 se 111111111111111111
111111 111111111ι 11111111 so 1111111111111 11111111111111111, 11111111 1 111-
1111111 1111 111111 111111; (111111 (1111111111 1111111111 (11111111 111111
1111111111. 1111 1111111 1 11111 1111111111 1111 11111111 11111 1111111
11111111111111111111111111; 111111111111111111 po 111111 1111111 1111111111
1 1111 11111 1111111111 1 1111111111 11111111111111111111111111. Na 111111
1111111 111111 1111111111 1111111111111111111111111 11111 11111111 11111-
11111) 111111 111111 111111 11111 1111111111 se 1111111111 1111111111 11111
1111111 11 1111111111111111 11 11111111 zde 11111111 1111111111,
jez 1111111111 1111111111 11111111111111 1111111111, 1111111 1111111111 svs»
1111111, 111111111111111111111111 11111 1111111 1 1111111111 1111111111
111111111111111111111111; 1111 11111111 Ι1111 11111111 111 1111111 111111
1111 111111 1 1111 1111111 1 1111 Ione-In& 1111111111111 se 0 11111111ςὲ11
11111 1 1111111111 111111 111111 11111111111111 111111111111111111111111
11111. 1111111 11111 111111 1111111111111111111111111111 1111111111, 1111-
1111 11111111 11111 111111 1111111111 111111111111 111111 1111111111
kmoei 1111111111 1 k 11111111111111111111111 1 111 11111 se vzorem
1111111111111 11111 1111111 Ι1111111 111111111111111111 1111111111, 11
11111 1111111111 1111111 1111 1111111111».
11111111111111111111111111111 111111 1111111111 1111111111 11111
1111111 sou 1 1111111111 1111111111111111111111111 1111111111111111,
1111111111, 1111111111 1 1111111111, 11111111 se 1111111111 1111111111ιί
1111111111 1111111111 11111 (1111111111 1111111111 1111111111111111111111
do 11111111111111111 1111111111, jsouce 111111111111111111111111111111111111,
111 111111 111·1111ο111111“ neb „hamfeIty“ 11111111(,,111111111111“, ,1111-
1·11111’11111111111“, π1111111111Ὶ ,111111111111111111111111111111111111
11 1111111, 1111111111 1111 111111111-Ρ111111111111 11111111 1 1111111111
111111 111111 1111111 1111111111 se individuelm 1111111111111111111111
1111111111111111111111111111, 111111111111111111 jejich 1111111 1111111111
1111111111 1111111111 1111111110, 11111111111111 1111111111111111111

111111111111 1111111111 1111111111. Ρ11 1111111111 1111111 11111111111111
11111 1111, 1111 1111111111] 1111111111 1111111 1111 1111111 (1111 „pri-
vilegium“ 1111111111 1111111 11111 se 11111111, 111111 111111 1111111-

 

