1001. 501

011010 110011 0 je (dadouce k 10101, 00 111011) 1011101011 1101101100
1101, 0100100 110 00111010, 001010110010 010 10110100 10111111011101
00110111 0 1010010101 111 100110 101 cini (0 0010111101 101 (1011101,
111111110110 101011 0011010 1001010, 10111111 1011011111) 10111-
1001110 0 0010101110 00011011, 011 10 10 11111011 011011, 010111011
0 111110111010100001101 jejieh privilegii a 0110101111 jim 10101101
0 0011101101 101110 01111 10110110. 11101 1111101100 111 1010 010-
1101010 11011111 010000111011 1011001Ρ10101101 0101011010100011
⁸ a 0011101111 1101011100, 10111101011101 0011011 0 1101Ρ10101 81010·
1110101101 0011101011 010010 01111101 1 take kvelikemu 001011111011
101010 0 0 1011111 0 1111011111 111 10 0100 1111, 1111110 je Ρ101011
81010110101001011111 1011101011, 100111 1101111 1110111111, 0 raddon
11111011011011111101, 1 110010111οἑ1 01001010 01010110 1111100111
v 1010001101011,101011010 11011 1011011110 0101011, 1001111 0100-
00111010 011101 (10 mest Ρ101011101 101010 10111 1 0101011010 1100101
privilejlmi 1101000011101101 01010110 10101101011101111 10101110
0011 1011010 0 0101001010 10111 010 001011 1 1110110101 1011011010
1010 casu 000010101010, 11111100 10110111 10111 1011011 1010010101
pfl 01101101 101111111101Ρ10101110101111011 0100111101, aeni Pra-
1010 8101010 100101101011010 1010101010100110111 uenali 010 010·
1101110 101011 0 10110111101000011101 111 10 mest Ρ10101110110111111
a 0100101111, 1011, 101010 01111 10111 10 1111100 010111, 1111110010-
111011 10110101101011110011111011 0001111111 1010011101, jim 10101101
0 00111011011111 011 10 0001 1110001011110.10111 10 01010111
pecca 1011 0100101011 11011110 lietu jame 01110οἰ11 101111011111111.
Dan 1011010 101011 1101010111 101101 00 010101111110111 10110
101οο 1011010010 crucam 0101001001111001010 11111,
[1100100100010011110 a 101010 10000010 osmeho.

Rudolf 11. p. Ηο11101010 Pisnicz
81010011οι1 10001101010011101 vicecancellarius m. p.
0110101110 regni Bohemiae Ad 1101101111 800100 Caesareae
0011001Ιο11110 m. p. Majestatis proprium:
101 Μο1011 11. 0.

 

