XXVII

1111111 1111111111 1111111 1 1111181111111111111, 111111 11111 11 do jich
doby 1111111111, 111111 1111111111111111111111 11111, 111111 111111
(111111111111 1111111111. na 1111 111111, 1 1111111111 1111 11111111-
1111111 1111 11111111 11111111 11111111 zby‘valo 1 1111111111 1111111 11111

111111111111 111111111111. 1111111111 111111111111 za 1111111111-
(11111111111111181111111 111111 1111111 11111111 1111111111 111111 11111111
1 1111 1 111 hylo 111111111 11111111 111 od 1111111111 svy‘ch 111111;
111111 11111 111111 1111111 111111 na 11111111 11111111 1 11111111 11111
1111111111.

1111 (11111111 111111111111]111111 privilegii 111111111111, 11-
11111111 81111ωὲ1111 1111111111 1111111 za jednu 1111111111 111111
111111, 11111111 111111 1111111111 1 jich 111111, 111111 hylo toho 11111
111111 1111111111, 1111111 kral, 111111 111111 do 111111 Ρ11111111ιο
jede, 111 1111111111 1111 11111 11111111 111111· 11111111 1111111, 11
11111 11111111 111 11111111 1 1111111111 1111111111111.”) Jim 11111111-
1111111111 vliv 11 1111111111 111111 1111111111, aby 11111 11111
111111 (1111111111 1 11111 1111111111 aaby jeho 111111111111 1111111111-
dati 1111111 111111 1111111111. 01111 811111111111111111 1111111111, 11
111111111οῆ11 11111111 1111111Ρ1111111, 11111111 obojl 1111111111 111-
11111 11 11 11111111111 11111 11 do doby 111111 1111111111, joni
r. 1497 pfisoudil 111111111111111111111111111, 1111111, 11 1111-
11111111 11111111 11111 1111111 Ρ1111111, 111111 je 111111 11111 111111-
11111. Na to Ρ111111 vymohli 11111, aby 1111111111 111111 111111
1111111111] 11111 1111111111, 111111 111 1111111111, 1111 ma 1111111111
111111111111, 111111111 ky‘m 111111 1111111111.“) 1111111 1111111-
111111111 111111 111 1 1111111111 panovnicky'mi 11111111 11111 pi-
11111111111111111, 11111111111111 Ρναέεῖοέὶιο 11111 11111111 11 1111-
111111 11111111 1111111111111111 jieh neopust1.²⁵) Pokud se 111111-
111111111111, 11111111111111 privilegia, 1111111 11111 1111111111 Ι
1111111111111, 111111 1111111 obmezujl jej 1111111111111, 1111111111
1111111111 1111111111, 11 1111111111 11111111 &initi 111111 1111111 111

’ᾕ-

η1 sb. 1. 167 a 168. Srv. Majestas 01111111 11. X. v 1111111111 01111111 11. 1
111. 117.

ι181). 1. 134 1210111111 ,111111 111111111111 ῧ11111111“ 111. 29—39.

²⁵) sb. 1. 111.

 

