545 1627.

1111111111111 11111111111111111110) [11111111 111 11111111111 11111
111111, 11111 privilegium od 111111Ζ1111111111111111 11111 11111111
111111Ρ1111111111111111111111 1111 111111111, 11111111 (1111111111
1111111111 1111111 111111111111111 11111111111111111 111111111 1111
111111 1111111.“) Item 11111111111111111111, 111111111111111Ρ1111111
1111111 111111 1111111111 1111111 11 111111111111 privilegia, 11111 datm
v Praze v 111111 11111111 11111 1111 1111111111111 1111111111111
1111111) 11111111 111111 1111111111 11111111111 11111 Νο111111111

’ Ρ111111111, 11111 datum 111111111111 1111111111 1111111 1111111111

11111111111111111111111 1111111111 111111111111 11111111.ῑῆ Ira
list 11111 111111 1111111111, 1111111111 1111111111 1111 111 1111111111
111111111111111, 111111 1111111Ρ1111 1111111111 1111111 (11111

1111 11111 11111 1111 111111111111111111111111111111111.“) Item 111
1111111111 1111111111111111, 11111 1111111111111 1111111111 Novom&-
111111 111111 11111111 1111111111 1111111111, 1111111 sobe} 11111111
1111 111111111111 11111111 1 111111 1111111 11111111, 11111111 111 111
111111 list 111111 Zygmunda 111111 111111 1111111111 purgkmism

111111111111 1111111 1111, 11111 1111111Ρ1111 1111111 1111111111
listopadu 1111111111 11111111 111111111 ο11111111111.”) Item 1111111111
1111111111111111, 1111 1111111 1111111111 1111111 1111111111 11111 1111111
111111, 111 1111111111 111111 1111111111 1111111111 111111, 11111 datum
11 111111 Ρ111111111 1111111 11 11111111111111111111111 11111111 &tyr-
11111 111111111111 11111111 1111111) 1111111111111 1111111111, 1111
1111111111 1 1111 11111 111 1111111111 Ρ111111111 11111111111111111 111-
1111111111111111111 111 11111111 11111111, 11111 datum 1111111
Ρ1111111111111111111 11 hod 11111111 1111 111111 111111 111111111111
11111111111 1111111171 Item list 1111111111111111111111 1111111111
11111 1111111111 11111111 0 11111111 11111Ρ111111 8111111 1 1111111
11111Ρ111111111 111111111, 111111 datum 11 Η11111 11111111 111111
1111 1111111 11111111111111111 111111111111111111111 1111111111 111111
1111111 1111111111) Item 11111111, 11111111 111111111111 1111111111
1111111(111111111111111111111 111111 1111111 11111111 1111111111 11111·
11111111, 111 11111111 1111111 11111111 1 11111 1111111 1111111111 11111

..————..-—-

111. 11, 111. 111. 111. 111. 111. 111, ¹⁴) 1. 111. 111. 111. 111, 111.

 

