3333. 433

33133311 3311131333, 3331313 33331313 31313 33 31331 privilegia od 313333
3 33313 3333311 31331333111133133313 31311333 1133133311 31333313 undana
se 33131333, 333333 3 133111133313 3331333131 3 31331313 33331333 od
3333133331 313313, 33311 313331 31313 331333 3113311, 3313113133 11333331 3 33311
(1311333333 privilegium 33 33111333 31113331 3313 3313313 1313 1 obeo 13313,
33333113 81333133 131313 1331313313 33333131 33 3131 3331131113313 do·
33331331;13(131 33313133 my 13133 33 3333333333 333313 33133113 33333
33313333 3333 mily' (1333311311 3 3333333133, 13 33311131 3313311113 333331
3 3331113331333313 31113311 33313113ςί333 nam 33133113 133111 1133133333
3133131331311, 333131 13331331 13 3 33333 3311113333 3 3331113331 333331
3331331 31311333 331313313, 3 313131 1313 113111 3 33 33133333ωὲ31 3331,
3113333333 3333313313 333311133311 3 33333133311 3 311 tom 31333 pod-
1133333 333133 33 333313133333133313331311133133113, 3333133131 3313 33-
311333 3 33313333] purgkmistruom 3 133313133331333133 3 Μ33111ιο
33331 3331313 1331313331, 3331333133 1 hudonem, 3133333 331133 3311333,
3133313 3333 33333 33333333, purgkmistra a 13331313 1 3133133 31333813-
33133 313313 1331313313, 3333331 1133313331, 31333 3333 33113, 311 133313
333333 33133113 133313 1333133113 3333111331 3331311331 3 3331113311333
333311 3313113313311 3131311313, 3333333311, 33311333133311 3 13 pod
pokutami 313331 33333113313313311113 3333311331 (1313133333 (13133333
3 (133313 3333133111 3 333113 13133 33 33 33131331 13333333331133
1333 1111111 3 3333333311, 311331 3333313113311133333113311333. Ρ133133
3 313333 3333333113, 131131 313331 privilegium JMsti 313313 1133313-
nanda 3131313333 3331, 3133 33 313 3331), 3313 33 od 3133333333 (133313,
33313313, 3 3 31331131333311313333313313 3 31333311 33333131333 3313133331]
331331 33 33333113, 3133 3113331 31333 331 38133333 331313 Ρ331313333
na 133133 3313313331333311 3313313131 3333133331 3333133333 3313313,
3331313 131331 1331313133 33133 331 Ρ3313338133333131311 od souseduov
3331313333 3333331333 331333331 3 3131331133 maji, 333131 113313 maje-
3131313 333113 3133131333 etc. 131313 0 1333 3333133311 3311133, 3333133111
33131333 neb 313 33 333311 3 333113313311 331) 1333133313 31333 33 31333
33333133 331 313333 3 33313 3333311 313313 Ferdynanda 13331 Ρ331333313
81333133 333313 1131313333 privilegio 313313313113 3313133131 33 33 31333-
11133 privilegia a vejsady 3 3313313131 31313331 (1311333111 (13 (13313 3313-
313333 333131 (13333333 3331, 3133 3331133133 3313 1333133 nebo 1133 31133131
313113, 33111 33 3131133333 333133 81333133 133313 Ρ33131331ιο 3333113333

 

