1347.

Κ 111. 48.
1347. 1. 11111111 1111101111.

111111 1101111111 11111111 1111111110 majestdta.

11111 1Βο11 11110111 11111111 111] 111110111011111 1111 1131111

' 1111. 111111 1 11111111 1111111 11 1111111 111111, 11 1110111111111111011
1111 1111011111 11101111 1101111111 prael, 1111110111 11111111 111111111111
11111 0011110110 k vedenl pokoje ak 1111111111 1111111110 11101ρὲ1111
1111111111 1111011111111, 1111111111 10111111 11110111 11111110111111
110111 1101111111, 1111 11, 1111 1111 10111111 11111011 11111111 1111
0111111111 1111111 101011, 1101111111 1 jich 11111101 1011101111, vhoj·
11111 111011 111111101110111111 110111. 1101011 (10111111 1011111111

¹ arad‹h'1 11111111 1111111 11111111111110111 (1101011101, 1111101, 111111-
111101,Ι 11111011 1111011 11111111, 111111111111111 11011 purgkmistra
'- 1111110101 11111110 111110 11111110 111111 111111110, 11111110
‘ 111110 1111011111 (1111110 jest 11111 a 1101111, 1 11101 1111111111,
111111, 1011 1 poll, 111111 111111 111111111111111111111, 11111 1 1111111111
111, 11011011, 11111111111011111 01101111 1111111111111111 1111111101
1110111, 1 11011001 10111101011111110 111110 101111111111 minime. To
1111111111 111111 jich 1111111, 111111 1111011111 proti 10111 11111111
1111110 111111 11111111111111111 1111110101] 1110111, 1011111111 1111011
1111110111 11011111 1111111111, neb js1'1 11111 11011111111111111111101101
1111111 1 111111, 011111 1111111 1101111 11 1111·01111; 11111 11101111
11111111 1111111 1111111111 111111Ρ111111111, 1111111111 1011111111011

, 11111 jich 1111110111 11111 jsme aplnostl 11011 1111 1111101111 111110
ἶ 1111111111 11111, 1101101111, 1111111111 1111011111, 11111110 11111
J 1011111111110 11111101111111 1111111111 111111, 1101111111, 1 11111111,
1101111111 10111111, 1011111110111111111 1011011111 10111111, ve dne 1011
11001 1111110 31111 1011111110, 11111111111111111111111, 1111 1111
1111 1101011111111111111 11111111 1111011 1111111111. 11111111 ty (111
11111 11 11111 jich [111111111111111 1111 11111 1011 1111, 1111111 01010
1010101110 111111 (111111 1111111, 11111111 1111111111 11111111, 1011110
101111 proti 11111011 1011 1 (1111111 doleji 1111111011111111 1111111111-
11111111, 1111 11011 Ρο1111, 11111110 11001 1111 11110111111111011111111
1110111 11111111 1111111 111111 1111111111 (1111111, 111111111111111 a 11

 

