¹⁶⁵⁸· “ 419 ’

1111111111, 111 111111111111 11111 11111, 11111111111111, 111
1111 ruku 111111 11111111 11111111111111. Α 11111 1111, 11111111
a 1111111111 111111 11111111 11111111 1111111111 11 11111111111 1111-
111111111111 111111 111111Ρ11111111111111111111111 1111111. 111111
ie 11 111111 11111111 Ρ1111111 111 11111111111 111111 1111111111
111111Ρ111111111111111111111111 neb 1111111111 111111, 11111 1111111
11111111 11 11 1111111, 1111111111, 11111111111111111111 (111111
1111111111 111. Τ1111111 111111111111111 11 11111111111111111
111111Ρ111111111, 11111111 111111, 111111, 1111111, 1111, 111111, 1111-
1111111 111111, 11111 11111111 1111111111111111111; 111 11111111
111111 11111111 1111 11111111 11 111111 11111 neb 111111 11111 111111
11 dati, to 111 1111111111 11111111, 11111111 1111111111111111 11111111
(11111111 11111111 &asu 1111. 11111111 111 111111 a 1111111111 111
a 111111111111111 1 take, 11111 1111111 11111111111111111111111111
111111 (11111111 111111 1111, 111111111111 11111111111111111111111
11111111 1 1111111 111111, 11111111 111111 1 111111111 11111111
11111111 1111111111111. Proto} 1111 11111 1111 11111 111 1111111111,
11111 11 1111111111, 111111, 111111111111111111, 111111111111, 111·
111111 1111111 1111 5111111 111111Ρ111111111 mim, 11111111 111111,
sami 111111, 111111, 1111111111111111111111 111111111 111 11111111
a 1111111111 11111111111111111111, 11 1111111111111, 1111111111111
1111111 1111111111 111111, 1111 111111 1111111111, 111111111, 111,
11111111 1111111111111111 11111111 11111111, 11111111 11111111 1111 11
11111111111111111 1111111111 1111111111 11 1111111111. Ρ11111 111-
11111111 11111 1111111111 1 11111111111111, 111111111111111 111111·
1111111, 1111, 11111, 111111111 111111111111111, 11111111111111
1111111111 111111 11111111111111111111 1111111111 111111, 11111111
1111111111, 1111111 1111111, 111111 1111111111 11111111, 111111111111,
111111111111111 1111 8111111 111111 1111111 Ρ111111111, 1111111111- ,
11111, 11111 11, 11111111 1111111111 11111111111111111111111 111111 1111
1 1111111111 111111111111 111111111111111111, 11111111111, 111-
111111 1111111 1111111111 11111 111111111111111 1 1111111111 111111
1111 11111111111111111111 111111 111111111111, 1111111111 11111, 111
1111111 listu 1 1111111111 111111 11111111, 1111 1 111111, 111111,
111111 111111111111111 11111111111111 1111111111 11111 kasy, 1111111
jim 111111111111111111111 111 111111 1111111 &initi 111111111111 111

 

