XXI

r. 1307 1111111 1111111111, ³⁷) 1111111111 1 11111111 11111 1111111111 111111-
1111111111, 11 1111111, 111111 11111111 1111111111 se 11111111111111111111
1111111111 1111111 1111111111 111111 11111111, samo 11111111 11111111 11111

1111111 miti, 111 111111 11111111 (111111 1111111 11111111 1 1111111111 11111111
1111111111.

K 1111111 11111111111111111Ν111111 Ρ1111111111 1111111111 1111111111-
111111111 1 1111111111111111 11111111 1111111111 111111 1111111 11111111111111111
1 111111 1111111111 111111 11111, 11 811111111111111 11111 1111111 pii 11111111

111111 1111111111 0d 11111111111111 1111111111 11111111 na 11111111, 1111111
111111111111111 111111111111111 111111111111111. Proto 11111 1111111 11111111
mu 1111111111. 1316 11111111 1111111, 11111111 1111111111,11111111 byli
11111111 1111111111 1111, 11111111 1111131, 11111111111111111111111111 111
stari 11111 11111111 1111111111, 1111111 11 1111111111 1 sobi 111 1111 11111111,
1111111111111111 11111 11111111, 11111111 111111 111 (11111 kprivilegiim
Stammistsky'm 1111111. Kdy 11111 1 11111111 1111111111 111111 Stare
’11111111111111111111 11111111 11111111, 11111 11 11 11111 1111111111
1111111111 1. 1218 anob po r. 1311111111 111111111111,111111111111111-
I 1111111. 111111, 11111111 111 1311, kdy 1111111111111 1111111111 11111111
privilegii Staromistsky‘ch, 11111 11111 1111 11111111, sice 11111111111111
1111111111 do 1111 11111111 1 1111 111111 1111111 11111 111111111.

111111111111111111111 1111111111111111 1111111111 1111111111 11111111
11111111 1111111111, 1111111111 11111 811111111111111, 111 pinno pod pa-
1111111111 11111, 391 11111111111111111111111111111111 1111111 11111111 1111111111
1111111111, 11111111 11111111111111111 11111, obeo 11111111 (1111111111 v
11 1111111111111 od 111111111111 (11111111 11111111 111111 111111-
11111111 1111111, 111 1111111111 11 1111111111 1111111 1111111111 111111
1111111111 1111111111, 111111111111 1111111, 11 1111111111 1111111111 1111111
1111111 1111 11111 1111111 111111 [1111111111 1111111140)

ἡ-ὓ---ι-

; ⁸¹)Emler Reg.11. i. 2158.

¹⁸) Sb. 1. 9.

²') Sb. 1. 31). .

⁴⁰) Ve 1111111111 1111111111 1111111111 archiva m. Prahy z 111111 111111 11111111 IV.
1111111111 sou nal. 83 1 92 111 1111 originalia 111111 Β1111 1111111111 11 XIII.
1111111 1111111111,11 1111111111 1 1111111111 11111111111111111111. Co se
povoiilo Bmu 11111111111111111111 11 1111111111 Praze.

 

