CLVI

11111111 xvll. 1 1111111111 11111 neb 1111111111 11111111 doby
na nich 1111.

1111111, 111111 11111111 1111111111 privilegii r. 1547 11111111-
11111 1111111111 111111 11111111111111111 po 111111 1111, bylo 11111
muniti 11111111 v 11111111111111111111111. Ve 111111 111111 1111111
mesta thy‚ v spojenem 1111111 (1111( 1111111111 1 pozemkovy‘ch knih
111111Ρ1111, 11111111 1. 111. 111111111111111111111111, 11111111 11.
1111111111] 1 1111111111, 1 1111111 1 1111111111 11111111 musea, 1111.
1111111111 1 Ρ1111, 1 1. kr. 11111111 1 (11111111 1111111 11 vidui,
11111111 1111111111111111111111 11 vidui, 1111111111 111111111111
kapitoly Ρ1111111 1711111111116, 1111111111 1111111111 811111111111,
11111111 1111111111 1111111111 1111111111, 1 (111111111711111111111
1111111111111111, 1111111111111111111111111111111,
111111 Hom, 1111, 11111111, 21111 1111. 11111111 se 1111 1111111
11111 1111111 1111111111, 11111111 bylo 1111111 1111111 1111111111111 111111
1111111111 doplniti a 11111111 1111111111 11111 11111111 1111111, 111 se
1111 v 1111111111 11111111111111 privilegii zachovaly.

1111111 11111 11111 11111 privilegia 1111 11111Ρ11111111111111
11 111 pn'vilegia Praisloe 1111 1111111111. Ze 32 1111111111 111111-
11111111 111111 1111 111111111111 111111 11111 sice pozdm konfir·
11111 11. 1711111755 1111111111 11 1 1111111111 1 1111111 1111111111
1111111111 11111Ρ1111, 11111111 1111 1111111 111111111111111 11-
11111111.

Jako pak ve 1111111111 listin 1111111111, 1111 1 1 11111111
1111111111 111111111 11 1111 fietne 111111111111111111 11111Ρ111111111,
11111 1111111 1111111111 1111 1111 111 11111 11111 111111. 1111111111
11111 tyto:

l. Nejstardi panuitni 11111711 Staromh‘stskd od r. 1310 (1. 986
11111111 111111 Ρ1111),ο11111]111111111 1 statuta 111111 do r. 1371
111111 nimi 111 11111111 111111 111111111111391) 01111111 11111 11
11111111, 7, 8, 16, 17, 35138.

(11111111111111111111 p. Κ1111Κ111111 1111111 111116 1111111111 11. 1512
11118, 111111 111111 lustu& 1111111, 111111 11111 1111111111 1111111111-
111111 na 111. vas-736 j0 pfljmouti. 11111111 mu 11111 diky 11111111,
1 heron 111111 11111 1111111111.

²⁹¹) 0 1111111111 11111111 1111 knihy 1111111116 111. 1111111116 1111111111 1131111111

 

