(534 1704.

11111111111111111111111111 11111 1 1111111 1111111, 1 1111 1111 1111
1111111111 1111111111, 11 1111111111 11111111Κ111111111 111111 1 11
1111 11111111 1 11111 111111 11111 111111 1111111111111 11111111· 1 (11111 '
strany zauechany‘ch gruntech 111111 11111111111111 11111·Ι 11111111
111 take 11111111 1111111111 111111 11111111 atam 111111111111111111
(1111 (1111 111111 1111111111 nob postrannl 11111111111111111111 11111 1111
1111111111111. Co 11111 11111111 ty' 1111111Κ1111 1111111111 11- “
1111111111111111111111111, 1111111 11111111111111 11111111 1111111111· ·
111111 11111 1111111111 111111, 11111 111111111111111 11111 11111111 1011111
Magne tuos fundos 11 1111111111* 11111111 1111 1111111 1111111
11111111 1111111111 1111111 suad kass11·0vati (111111111111111111 1111.
1111111111111111111 1 grunty 1111111111 ta 111111111 1111111111 11111
1111. 1111111 11111 1(1 11 111111 1111111111 111111111111111 1111111111
1111111,1111111111(11111111111111111 11 1111111111, 111111 1111 11· Ι
1111111 11111 11111111111111 11111111 (11 11111111 11111111 1111111111 11111111
tu, 1111 111111111111111, 1111111111111111 1111111, 111 1111111111111111·
111111 1111111111 11111111111111111111 (11111111 11111111111111111111111
1 1 111 1111111111 (11111 11111111Ι 11111111111111111111111111111111
11111 1111111. 111111111111 1111111111 jak svrchu 11111111111111111
1111 1111111111111 Ι1111 se podepsali a [111111 111 1111111111· 1111111
1111111111111111111, 1111 11111 1(1 111111 111111111111111 (111 1111111111
111111111111111111 1111111111 1111111 111111111111111111111 11111111· ,
111111 111111 1111111111 111111111111 jest3 1111 11 11111 111111 11111
1111111111111. 1111111111 81111111 Nedabylic. Michal 11111111
1 111111. 1111111111111111111111111111111 11111111 111. ,1111 1111111 111111 ,
1 8111111111111. ,1111 111111 1111111 1111111111. Carolus 1111111111

Ι 1111011111111111. 1111111111 1111111111 1111111111 1111111111. Andros

(1111111111 1111111111 1111 1111111111111111111- Κ 1111111111 1111111111·
1111111 1111111·111111111111111111111 1111111 ato 11 11111 1111111111-
1111111 1 (1111111111 1111111111111 11111 111111111 1111 mezi 11111
(111111 111 1111111111 1111111111 1 [1111111111 1111111111111111111 11111111
1111111 11111111, 11111111111111111111111111 1111111111 1111111111 1111111·
11111, 1111111111111 1111111111111111 1111111111111111 (11111 111111
11111111 1 111· 1111111111, 11111 1 (11111 111111 1111111111111111111 p'ri
11111 (11111 1111111111 1111111111 (11111111 11111111111111111111111 1111.
11111 1111111, 111111 11111 1 (11111111 1111111111, 111111 jistym 1111111111

 

 

 

