II

11111111111111111111, 111 11111111 11111 samo zdokonalilo 1111111 11111
11111111, 1111111 111111 11111111111111 111131111111111 11111111- 11 spolet}-
111111111111111, 1111111111) 11111111 1 111111111111 11111111 1111111111 11
11111111 11111111111111111111111111 1 11111 se 1111 11111111111111111111111
1111111111, 111 111111 1111111111111111 1111111111111111111111 1111111.
1111111111 11111111111111111111110 11111 11111111 1111111111111111,
11111 1 (111111111111111111 111111 111111 1111111111 pro 11111111111111-
tumI 1111111 vlasti naI13 11111 11111111, Ie 11111111111111111111 i 1 1111
111111111111111111111 1111111 11111111 1111111, 11111 dues 11111111111111111-
1111111 v 1111111 11111111 11 11. 1111111111 11111111 1111111111, 11111 11111111-
nosti 1111111111 1111111 1111111111 11111111 1111· vzaly, 11 11111111 1111111
1111111 1111111111 znalosti 111111111111 1111111111111111 se 11111111
srozumitelny‘mi, povzbuzovaly 11111 1111111111 1111111111 a 1111111111,
11111111111111111111111 1111 1111111111 11111111111111 11111111 11111·
11111111. 11111111111111 1111111 1111111 11111111111111111111111111111111,
· 1111111111 prael 0 1111111111 11111111111111 111111 1111111111111111111111111
1111111111, mezi 11111111 1111111111111111 11111 11111111 1111111111 111111111-
11111 Va'clava V. 11111111111111111111111 111111111111111111Ι 1111101111
1111111111111111111111 111111111111-’1 1111111111 111111 111 11111111Ι 11111111·
11111 11111111111111111111111111 11111 11 soh& 11111 ve 1111111111 1111111111.
Ν1 konci 1111111111 stole-ti 11111(111111111111111, 1111111111
Martia Palm, 11111111111117 1111111111 1111111111, (1111111111 professor
Josef Vratislav Monsea jin( [1111101111 ,111 k 1111111111 10111811011111
nIktely'eh 1111111111 1111111111 111111 11111111111111111. V 11111111
111111. 11111 1111111 1111111111 1111111111 1111111 111111 11111111111111 11111111
1111111111 1111111111 1 111111111111111111111111111·1111111-11111111111110,
11111111111111111111 111111111111111111111111111111111. 811111111111“111Ρ1111111’
11111111111111111 1111111111 svy'mi 11111111 1111111 11111111 11111111111111 11111111
1 111111111111ς ‹luchaplny' 11111 11111111· 111111 11111111 a 11111111111111
11111111111111111 1111111 1111111111 1111111111, 11111111 1111111111 jiny'ch
1111111111 1111111111 81111111) 1111111 1111111111 a Bma 1111111 1111111
ze XII'. stolet1; neunamy' J. A. 1111111111111111111111111111111111111111111
1111111111 1111111 1111111111111111, 1111111111111111 1111111111
1111111111 11111 1111111111 1111111111111111111111111111111111 v 1111111111
sve} 1111111111 1111111 11111111 11111111 tei 11111 1111111111 111111 1 1111111
1111111111 XIII. 1111111, 11111 1 111111111111111111111111 1 111111111111111111

 

