* Cis. 201.

1001. 11. 1100110. 111011.

Kra'l Vladislav da'vd purlemiatm, 0001ὄί 011 0108101110 11οἔ010 Prai-
010710 01001001 1000101111 00000ν 0010001111ρὶωο a 1100101000. Paula 1101οὶ0011ιο
1110010100001 a 010011 lidi za 1101101001 Ροῆῶῖωα.

My Vladislav 1 110110 11110011 1111010111, (100111, 1101101011, Char·
vatsky' 010. kral, margkrabie Moravsky‚ 100010001000101010111010
0111110111 11011011101110010, 0110111]οη1 1101011111110 01011, Ze js1i 011·
01110111 01010010111001 1011 10111011 010111 z 1111101 81110110 mesta
1101011110, 0111110111111, 111111 (1οΒ011100001111 101100 0 prosili
Ι1011 110 0111111111 1100110111 jmenem poctivy‘eh purgkmistra, raddy i 0110
01100 111101 110010, 0110011011 jin] 0101111 pravo 1010 0 00010010 10010111
1000110 1011010 0 11001010 00010110 Ρο010 10 Ρο110111 1110111 dati 111111,
111101 011 10111111 take 0011111111, 10 011101 101111 01100101 na svuoj
11111001 pro 10110010 0 01111110 lidi vyzdvihli 0000100111 01011, k 11011111
01111110 0100110 0 0110110 11010011 10 10110011 jich 101101001001101011
1111001100 1011101111 101100, 1001000111 1011 011 10110 0011111 0 11001011
1110101010οέ, 0 dobly'm rozmyslem 10111111010110101011111, 110011111-
10001110 (1001101011 0 00111111 01111011 10111011 mily'ch dali jsme 0 11010111
111110 11101110 0010110001111 1101101111 101111 81010110 110010 Ρ1010111110,
1111111010111100011101011, 10 00101111011010 001000101111 1010 0110110010
1011111 0 11001010 000111010010 01011011001111 11101110000111 10110
01101111010101011, 01111000 101111, aby 011 10 00010010 111111, 0111011 01010
10001011 0 10010011 111111101οο11 11100011, 01100 111011 111111 1 0111011 do
101101 10111111 010010101100100011 00000 1010111011 11011011, 1111101001
101101 1011000 1001000 i jiny'ch 000001111000101100101011ος nez
0110110 10111, 011001110010101101111011010 0111101ιὶ0111 001111 1011100101
00010110 Ρο010 0 0111111011 10110011 0 0 jiny'eh 11110011 111011001101100
010111 0111110 0001100011 1011, 0110001001 0 0110110 110110 0011 1101110110-
1010101011 0 001000011111 1001111 1011111010, 1011101011 11101100110.
Tomu 10010101110010111011111110001111111010111 101110 1111011 k listu
1011110. [1111 10 Β11111111 0 [11101 po 11011011 0011111011 letha 10110110

 

