13343343344443434443.444434,
226.

’3141131313 J066hym, president 110·
mory 03413 3143113433 3333311314
1331344433 63413 436.

111 1443143 14333316 13431, 1333101144.
0. 334, 606.

1331433 4. 1131134133.

1311443314 1111, 4313111313333 376, 383,
266.

6443441434.

134 3331411, 3343134433, burgerlicher
schosz 143, 144, 403, 636, 636, 606,
mmmmmffl

131333313 9.

1313334143 41343113 73411333, 334131314
1343333131 130.

6333333143 z 11434331131431, nejv. 31441
4414434.

ς343113 z 1343113 3 33 6616 Ian 378.

ς3413143443 CIV .

131141 4341114313 3 44. 6333133013 336
6313143633 (41113 314. pop. 161-11)
LXXXVIII, LXXXLX, CXXXIV 66
cxxxvl, 434, 343, 433, 434, 433,
343, 666.

13344 3344443 344444.

1311411 431333Κ1111313 CXXXIV.

- 1111343116 4 13443333 14434633
cmm 4611133131.

131131 44. 13313 za Pofickou 1444144344
CXXXIV, 334, 333, 443, 434, 334,
674.

131131 33 strahow CXXXIV.

1311411 7131413 CXXXIV.

1334343 44411.

13433 334443 cxxx111-6xxxv,400,
401; 6333341413 66, 403, 474, 636,
733; 11333343131411113333θὸ,
443, 433, 344, 333, 343, 334; 34343-
41433411 LXVI-LXIX, 461-4663
Η4441113341Ῠ XCIV.

{3066 11606 3443434 44333 334

63443 v s1ni 4443443444 334, 343, 333.

1431644131 vina, 44313 331431333163.

1441133 v. Ungelt z vina.

3 613441314341633, nejv. sudI (14344131

194·

434; nejv. 3444144141 XCVI, 004, Al·
1443311176; 4413111311311 331; 13-
434134, 611311 1431. 736; 1113333,
president komory kr. 434, 436; 1443136
1133134 11311331, nejv. 43411 4334411
681; Ζ413361 363, 373, 373; 14114134,
4141133 33 Ζ3131131314 131.

33 61336341314114134, 4131311 1134344143
16.

2 8434434444 62 661.

434334 444.

633333141443844434444 106, 433.

- 14131443 1411314411 103, 106.

- 1313143146 311 11136 88.

- 4643413 Β34344131 166.

- 3331114113430414344144143 310.
- syn 1341141343 1341314133 4Η31161, 33
6433331443 433144 3 Β331343 46.
633444 z vltavy 34 1161, 444334 661.
606.

6113333313 133, rada 3331434131 CXVI,
CXIX.

sv. 83334443 44444 344.

6666 433, 334, 333, 343, 6613 434334
669.

6333333 3434 popl. 344334, 1101.

64333 xm.

6111 3341419413313.

6136313 0341131, 33444611 34431411 606.

64313331 434.

3333334 3343] 443,

614333331131311, 33444341 3641411 606.

61436331 Antonia Dr„ 3444131314 Pr.
CXXVII.

1113161333 16, syn jeho Otto 16.

3613313163 viz Turek.

61333134, 341434 CIII.

334443, 844413 44, 443.

&mter 4 6314133413 Κ3431, 4341441 61Μ,
334, 606.

633 14444433, 433343 343434, 43334
6111. 63.

6441) z CthtIIny Ian Reinhard 630.

&noble (6431431) z §valbenfeldu 0111 1741-
3134, 33311 31431· 41341 4334143314 633,
684, 43143161 41434413 1433331813 683
333, 333.

 

