XXI!

’111 1010, 1010101000, po 0011011001 11100 0 0001101 81010010 101010
1101011111 kral 100 1101111001. οΡιο10. 100 21. 10100000 1319 00111001
011100181000110 011010 1101010110 star& 010011 1110101 Ρο01011101ι 0
1110110111 0111000111 0100100011, 10 10101011 00 1011 01010 0 0110001, jaky'

0110010110 01110 101010100100100 01100 810001010101100. 101( 1 (11110
1001101011 1001010, 11000101 0 11010 0100001001 000110 r. 1319 011101
proti 10011, 1001 0011001100101101000011000 11011000. Μ1111000 81000110
101010 00 0001010101 0100100000 11111100 0 0 11001001 11011 11001110
0010111011 mu, 10111 00 00000111101001, 0100111111101101010100 0 10111
bez 1101110110 011010 101 00 10110011, 01001011 0 mm 18. 10100000
1001000, 1010100 00 00101 00111111.“1 1000111110011011010 01101000101
1101101111 mu 101 0100011000 010011 1110101 Ρ1010101011, 1110110010
1101] 10100100101011 01110011 11011 1010011, 1001100 00 11000011, 1001100
110110100100 1111011, 0011011 11101111 01101011 11010011 0111111, 10 1100111100
1 10011010 1101110 k 10010 11111111, aby 1101110111, k 10010 00 11010001
1111101 10011011, 0101010101 01111001 [00110011 00 00011010, 1111 10111011
00101100011101101. 1001 patruo, 101111 1010101 0 mir s 10101001 1100-
1010810000101111 100000 0111101 111010 1110001 01001110110110110 1000·
110011 00 01001, 11011011 11011 110111010101000 11101011010001 000111
0 110101 0 10011 010 1110001. 1 1011010 0110010 1011 10 00111 01 10010
01001111. 001 00101011 00 00101110 011011 10100101010 0. 1214, 1011
10101 01110 1001011010οο 0000 pro 010000010000001, 101 1110111100νο10,
10 00101 00 000111 0 1111111101 0001011111 0101001101] 0001000011 0011100
11111, 10 001 0101100 0010011011 00111001 0001011 11111 0 011001 (101101,
10 pro 11011 1110010101 noma 1011111 11011 rodina [11111011 010 maji by'ti
1100110101 010011 111010000110010, 101 0010101 01110010101101011001101001.
1’1001111,1010101011 „quaerelae civitatis Pragensis“ 10101011, ⁴²) 00-
10101111 1100101011010 001100010100110 ani pro 0001010010 0110010101οο .·
11010101 0 11001011 1000110011 00 11011 1010010010, aby 0111011010 00111 ,
00 00101001011110111, 10111110011010011100101101 jich 0011011, 10100111
tw 001001 1010001110 1001111001 0 sebon, 10100111011010111011, 000101101ιο
0100011110. 01111000 11110. 1110111110 1010111000 11001111001101010111000-

m 00. 10001000. m. l‘rahy 1. 00. 00-00 a 00000οο 101. 1. 0. 1 str.
0000.
”x 110100 nou. 111. 1. 101.

 

