CXXXVI

11111111 1111111111 111111, 1111 11111111 111111 1111111111 111.
1111111111111 1111111341) 11111111 1 111111 11111 111111111111 k 11 1111
1111111 1111111111 11111111 1111111 111111111111 v konfmnaci pri-
1111111 1 1. 1808 111111 111111 111111111 11111 1111111111 11
11111111 11111111111 1. 1821 1111111 111111, 111 pravo 1111111111
k domu 1142711, 111 111111111111111111, 11111111111 111111
11111111111 pro 1. 11. 1111111 fond 1111111, 1 magistrat, 111111
1 1111111111 11 1 11111111 11111 11. 1104, 111111111111111 21. pn>
since 1824 1111111111 1111341) Τ1111 1. 1884 111111 11 11111111
11111. 111111111 1111111111 11111111111111111 11, 1111111. p. 427-11.
111 11111 111111 11111; 11111 111111111111111111111 111111111111
13. 111111 1869111111, 111111111111111 1 1. 1824 1111111 111111
111111111111111111 1 domu 1. p. 427-11. 1111111111, 11111111 c. k.
1111111111111111111111111111111111 111111 1111111111· 11111 11-
liko 1111111111 11111111111 1111111 111111111111 1 1111111111
11111, 11111 11 1111111 11 111111 111111 1111111 111111111111
11 1111111 1111. 111111111111 111 24. dubna 1821 11111111 1 patr-
nosti. Ρ1111111111 11111111 1111111111 111111 11111111111111, 111
1111 11111111 domu 1111111 111111111111111111 111111111 1111111111
11111111] c. k. 11111111111111111111111 11111 1111111111 1111111
1111111111 111111Ρ111111, proto 111111111111111111111111, 111 pravo
1111111111 1 1111111. 427-11. bylo 11111111 11 fond chudobinoe
11. 131111111ηᾷ1, 11111111 fond 1111 Ρ1111111 1111111341 Ρ1111111111,

111111111111111111111 11 111111 11111111 1111111111 1111111111-
11111111 1111 1111111111.

6. 1111111111 111111 1111 Ρναὶεἶιέ. Roku 1808 111111111111 111-
1111 1111 Ρ111111 111 111111, 11111111111111111. 11111111 Ρ11111111
1111111 111111 11111111 111111111111111.’“) Ζ11111111111111111 11-
1111111111111111111111111 1111 11 1111111, 111111 111111111111
1111111, 11111 11111111 1111111111 11111111111111111111111 11
·· 1111111 1111111 1111, 11 111111111111111 11111111 111 11111111

¹⁴¹) 811. poan. 268 11111111111.

m) 11111111111111111 11198 111. 81 1111111111 11111 1111111111.
“·)81111111111111 mv v 1111111 m. 11111.

u·) 11. 1 m, 111 a 111.

 

