1512. ’1321

11111111 umidi. 1111111111 1111111 a 1111111111 11111111 1111111111· 1111
1111 11111 11111111111111111 1111111111 1115111 m· 1111111111111111111111111
1114111111111111. 1111111· 1111 1111111111 11111111111111 11 1111111111
stari-hc, 1 ,11111111 111111. 1111111111. 1111111111 1 1111111111. 1111111
111111111111. 1111111 1111111111 11111111111111 1 1111111 ,1111111111 1111111
naza-hu 1111111111. 11111111 1 1111111111. 111111 111111 111111. 1111 11 11111111
11ἑὶ 11111111 111111. 111111 n 1111111111111111· 111111 1 1111 11111· 1111111111
1111111111. 1111111111 111111111111111111111 1111111111 1111 11111 11111111111111
1111111111·1111 1111111111111 11111111111111111 1111 1 1111111· 1 1111111111.
111Ιί111111· 11 11111111111111 11111111 1111111111111111 ’1111111111 1111111111 111
11111 11111111111111111 manus-m 1· 11111111 111 1111111111· 1111111111 111
11111 1111111111 1111111 11111111 151111

1111111111 ·, 11111111 1 kf, 11111111, ,·,·,;1·.’,;·1 .···,’ 1· ,-”1.·· 3· 11, .’·.·.1, β’ 1
.- 1111111111111, sla, 1111 111. ww. »W .·:.2·.·' ;.-”1·-’

‘.'2 ’,Ϊ1’,.·,, ’1 ¹.'=· ,isso

1512. 11. ledum 11111111.

11111 Vltulidm· tymnjt. 11111ιὶ1111 udan 1111111111 11111111111111 111
’·,’1’1””·”ῖ ‘shy ‘¹ 1111111111 mn thhirtt'ni 1111111 z 1111111111 1111111111, 11 1111111

ῑῖῆ ι nfflkn dne,

111· 1111111111111111 11111111 11111111 1111111. 1111111111 11111
111111· 111. krail. 1111111111 ,1111111111 111111111111111 1111111111 11111
1111111111111111111. 11111111111111111 1111111 11111, 11 111111 11111111
11111111111111 11111111111111. 11111111 1 111 11111 1111111 1111111 1111111111
1111111111 Η111111. 1111111111111111111111111, 1111111111 1111111 1111111 1111
1111111111,- 1111111111ρῆ 11111 je 1111111111 1111111111 1111111111 111111. 11111
1111Ι 1111111111111111 11111 11111111111111111 1111111111· 11111111 11 11111111
1111 1 1111111111 (1111111 11111111 1111111111· 1111111 111111111111 1111111111
111111 11111111. 1111111111 1111111111· 1111111111111111111111111111, 11111111·
1111111 1111111111111111111111111 11111111 11111 11111111. 1111111111 1111111,
,1111111111 1111111111. 11111111 11111111 1111111111.Ι 11111111 1111111111111111
11111111. 111111 1111111111 1· Cet-bach 1111111 ,11111 1111111 11 11111111111111
1111111111. 1111111111 111111 1111111111 111111 111111 1111111111111111111
1111111111111. 1111111111 1 1111111111, 111 1111111111· 11111, 1111111111·

11

 

