1⁶⁰¹- 315

11111 111111 vo tom 11111111 1 zpuosobili 1 11111111 11111111 1111111 kral &⁸115 1111111111,
11111111 1111111, aby 1111111 1111 1111111 11111 111111 11111111 11111111 1111111, 11111111 11111
1111111 111111 1111111111 pana mimo 111 11111111 1111111111 1111111111 1111
bez 11111111 111 kop grafiuov (31111111 1111111111 1 1111111111 11111111Β1111111
z 1111111 11 1111111111, 1111111111 111111 (1111111111 1111111161111 11111111111 1111111111,
11111111111111111111111, 1111111111 11111111, 11111111 111111 je 1111111111, 1111111111111111
kop 11111111. Α 1111111 1111111111 11111111 111111 11111111111111111111111111111 111-
111111111111 11 11 1111111 1 111111 11111111 11111111 111111 1111111111 1111 11 11111111 ne·
1111111111, nebo 1111111111 jejich 11111111 1116111111 11111111 11111111111111111,1111·11-
111111 111 1111111111 1111111611 11111111, pomata-li 11111111 11111111 1111111 1Ρ111111111
111111 11111111 111111 11111111111 11111111 (1111111, 11111 11 111 1111111111, 111111 11
1111111111, 1111111111 1111111 11 111 1111111 1 1111111111, 111111 11 11111111 11111,
111111 11111 1111111111. 1111111 na 1111111111 11. 111111 111 31111111 1 11111111 111111 111111
,11111111 111111 11111111 111111111111111111111111111111111111111111111. Ex commissione
propria maiestatis regie.“ (Ζ 1111111111111111.111111111111. 1101 111. 111 1 1111111111
11111111 1111111111.)

111. 194.
1501. 1111111111. 111111 11111111.

Pa'ni a 1111111111 1111111111 61111111 na obecn6m 11111111, majia o tom
porm'eni 1111111 1111111111, drivaji 'list 11111111 11111111] (feam, ie maji
podle srgjch. 11111]οή 111111· a vy'sad v zemi 1111111111 1111111111ιί by‘ti, po·
11111111 se podvolili 1οόηέ 500 11111191. do komory 1111111111 platiti. Za
11 1111111111 J'e ode 111111 berni 1111111111 jaky'cklcoli a 1111111111 je, aby
Ρι·ο]111111111111111111111 Ξίἅα 11111111 lida 1111111111 11111111. Ρο1111 1111]-
&omini 1111 1111 1111111111 α pfi'jimdni jich 11 11111111 zakazuje.

1111111111 a 111111111 1111111111111111111 111 1111111111 11111111 11-
11111111, 11111111 1111111111111111 111111, 11111111111111 11111111111111111,
[1111111111 na 1111111 1111111111 111 11111111 111111 81111111 111111 1111111111, *1
11111111 11111111 1111111 11111111 11111111 Ι1111111 1111111, 111111 11111 1111111
1111111 1111111 bude: 111111 jsou v 1111111 &asech 1111111 1111111111
11111 na 11111111 nektffly'eh v 1111111111 (31111111 111111111111111111,
11111 111111 11111111 11111111, 1 11111Μ11, pan 1111 111111111111111, 11111
,1111111111 111 111 1111111111, 111111 1111111111 1 1111111111 111 (1111111111 1111-

-.-. --.----

1) 1111111111 1501.

 

