1333. ’ 301

vyplatiti 1111 313, 3133 33 33333 3 1313311 3333333313, amfflby
tumn, 13133 3313313 3333331313,3311ο 333113 133 333133, 3133131311Μ.

3333311111 1133313133 31133331 maji se 3113133111313, 3331311113Μῶ ..ᾖ

3 1311333331 33113313133133331331 3 3331133331 13333 313133 3133313313 ‚
3313313331 3333133 331113 Ρ333331 3111333333] 331133131133313 Ρ331-
3133113, 3333133333 3333333313 33333113333113 3133131133 83331133, 11333133
3 Μ33113113 33133 1331313313, 3331311331 1 1331113133, 3133313 3311333,
3133133 toto 3113331113 3313 vo 11313313 3 registra 3 13313133 13131 3311311
333 1331131 333131 3333311 3331313311. Tomu 33 3311333113 3313133311
1331133311 k tomum 11333 3113131333 3133 1313311. Dan 33 113311 1131-
313333 3 331313 31331 33331 Τ3333131 1333 13311313 3313131311131333113
(1333133133133 33113113,133113333313311313 [1133313133 33113313 3113·
3133133 13333333131133113 letha.

· Ad relacionem magnifici domini Johannis (13 8331313333, supremi

cancellarii regni Bohemie.

03111333 3 33313133 3131333 1113331331 11313 33113313313313131133 333. ,3
z r. 1197-1503, 3113333331 3 (13313131 museum 33 3131333333 „Regiam 3 31311 33
3333133333 3333331 3113313313 11133311,13333313 maji 33313 3333133331131331333333
3 00 1131333 3 13333 3331333 1133133311 13 13131133 133111, 13133313 333311 (11313333 do·
3333313331 313, 331331 to 3113333313 3 nobb 1113 to 3133133 31333333, 11311133 3113-
333313 31313 33 33 3133Ζ33313313 z 01313113,33ι·13331)13131333133313 1131313113
1113 1333113133 3131313133 1331331133 13331331313 33113113. Item poton 3 333131 regi-
31113313 31313331 11133131. Item 3 333131 333133113311 3113333313 333133131331333-
133133313 333313 Ρτ3131311ο33333113313113333 3 13331313 mesta 3311331313 1133131313
1 111 31313313 mestas· 1113333113111333313333133 133311333313113 3111333111 uve·
133311 13133133 toto ,33113331 133113 1131131333 ο 11313313“ 31331133 (13313133 V‘
313.178-181.-’-.1133 3313 3 3311131111 3331 331331 33 3ῧ3313613 museum
mace ,3333333313 333333 31333333 33. 1, kterou p. vrehns zemslty'
3313 Antonin 11311113 3 3331333133ιὶ 1333313113 3331333333 1331313 3333133 33 331- -
venite 1113313131 J. Zlobickeho do 333333 (1333331. (Srv. 333133 ο 333331 (133131
1331313333 31313 dne 8. 13133 1873, 113133313331333333131313. 1131311133 „0 33131311
2 333333 3333 133333)

*133 333.

1133. 33. 331333. 333333 nora.

Kna Vladiolav 3 1131381331333 mlum Praiskffmu' 3311133133 3133111333 33
avolem 111 3133133 33331331 3313333 3133331133 ο 3331133131 lidi 3131131331

 

