736 1110.

11111 110 1·01111010111101111111 (10111111011111 1010110111, 11111111
psam 1111111111111011111, 111111 by 111 111011101111111111101111 11
10110 10110111 1011111, 110111111111111, 11111 11111011 1111111011 1111111111·
se to 1111101111, 101111 a 1111101111, a 1011101111 1 1011111011111 01
11111111 je 1111101111 11101111 a 1100111111; 11111 111111111 the-h 11111μ
aby 11111001010110111 1 1 (10111111 1101111111 s 11111111 11111111
1101111111 1111010011 Ρ11111111111111 11111 a 1101111111. Tr'ete'. 11011111
(11111 11111111 bejti 1111110) oni Η1111111111 11111101) (1101101111 1111.
1011111 a 10111 1110111111 10111111 sve, 1111111 1111 ua 0111111 11011
111111111101010111111111, 1011011 10111 10 11111111 do 1111131111 101111·
10111110 1011111111, 110101 1111 11111 10111. tuto milost kinime: 111101 11
k 1111 110 111101 mesta Η111111111110 11111101111111111 nebo 111111
dal, aby 1111111110 1011 deset 111οὲ11 111011111011 a z 1111111111
nebo polouvozu 111 1101111111111111011 na 11110111 ‹Easy 1101011-
1011 1111 <lavati 1 1111111 1011111 byl. Κ1111110 010 jim Η11111111ξ1
111110 1111111 11111101101010111111111101111 1111110, 0111101 101111
110111, aby 111 110111 1111111111011, 1101011011 0011110111ῐά 1111
1111 110111101101111111111111111001001 jim 1111111011 od 111 1 1111011111
11111111 11111101 1101111011 1 0110110110 1111111110 11011111 bez 11011111
1101110110111 11111111, (111111111110101111111111111001101111 1111, 1111111111
111111 0111111111011, 101111111111111111, ze 110111 11111111 111111011111 111111
0111111110, 1111111111111111101111111, 11111111 1111111, 1111110 1011 11111 011·
111110 1111110 1101111110 Ρ11111111110 Η11111111 111011 1010111111 1111011111
101110 0011111111, 01110101111101111011 111011, 1111110111011 1111111111
111111, (1111111111011111111111111111101111,1111111111 1111 v 1011 11011111
1111101111 komu 11111111 &initi 101011111100101111111101111111111111
1110111110111111111 011111111- 1 1111111 111110101011 11111101 0111111011 Ν
11010 01111110, 11111010 111111 1011111111, 01)(111011111111111 1111011111
1111 11111111 bez 1111111 11110111 11011 11111111110111 hylo. Το111111111
(10111 11111 11111 0100111101 k listu 1011110 111111111111101111 10111111Ι
1111111. 111111 na 11111111 1111111 1111011111 1 0111011111 den 11. 1111111111
1111011110 1111101110 1111111110 (11111111111110 01111110 a 1111011111 111
1111111110 (111110111110 11011110, 1111011111110 111111111111011111110. 1111111·
111 11111111111110 11011110. [11111011.

Κο1). 1110111111 11111110 11110111110111111110. P 73³2 subn. δι).

’Ἠθ-

 

