CXIV

1101001 10 1110310010 1191, 010 1011100010 vy'bor 00 0100 0001010101
0 010001 10010000010011 00111011 111010 ve svy'ch 1101001. Το0110
11010 0111010 1 0101 01010001 neb 1010101, 1011 001010 011010 10100

· 1011 0100011110ιο 0010011111101011 1010001, 1001000011 00 1000 1 101·

1101000010. 1011101011 01100000 00010101000111 00010101010100
01111 00 (lle 1011010 1101010 1000011110 10 (1003. 110100 1808 01100
1100101111, 00111 0010101001 0 0001010110 0001010 10110 1010000101
1011110 001010 magistratu, 0010110010 0011 01101101 0011110110 nej-
00111 001111001. Ρο010 1101 00 0011110110 01010000101010116 1010
v 00011000111101010, 1010 00111 00110 0100110101010101 000110 0010·
010100. ’

010001 0 000101 1010· 1111001 11010110 101010, v 1101001 0001101

. 0010101010 0000011110 1101010 10011001, 001010 v platnosti 01 do

1’. 1848 0 1110 00010110 00 010110, 1101 0 0101001 10101110 01011
00111 01011 0111110010 1101 01101Ρ10101001010 00010000 010011010100.

010011000111 00010001011110 01001101 1010001001 011011 10-
110101010 100 21. 1011001181 00 0101001 0010010 0010100 0011101,
010 0110101, 110 01111011 01 010111 jeho 010011 0111110010, 111011
101101001111001, sice 10 010100011 00110100. Ρ11 tom 1010111, 10
101010 0010001 101110111010000 010 00011011, 010 00101101 0011110111
01001 00001, 00111 10100111 10100 1000101111 01001101010101 000011
110101001101) 1001011110 10101 Ρ10101001, vyjimaje Νο0001101010,
0010111110 00 to 1010010101 1110011. 8101001011 111011 15. 10010

, 1182 10 00011 01011001 00101 11011 0000011001, 11010 jim 0100·

10100 Μο110 1010010 001011110; 1010010011 110011 10110 1010100011
00, 010 mezi privilegia jich 101 001010 1010 jak nejv. 1011010011,
1101010 01001Κο10111. povolil 011110οε100, 0101001110 0111 0011110010
0010100, 01100010 111 0100011 100 1010100001 1 01001001 01100110
1010001001, 1011 001010111011011011010019. 01000 1111, 1101010
101 100101 01. Μ11011101010011110 0110101010101 100101 0101111110.

· Η101100111 1000101. 1100111011 00 1010, 010 privilegia jim hyla po·

1111000 0 110 1010100110, 10 jich obci 011011 jak 01110 101110111οι

*-

’11110110 0111001111 r. 1101-1781 1. 651 list 1101010100 m. 11010. Gu-

bernium 011110 1010 0011. 00111001 0111011100 ze (100 9. 1100101781 11001
1101101.

 

