010. ’ ’ 511¹

’ 110111 0111111 00111; 0101000111οο 00011001 0 00110101 1110011 jich
00101011, 000101 k 1000 ke 01000 0 00000011 0011 01001011 0 0010110
11011 10010 011001101 0 01000010 0000100011 01001 10010010 Stato-
01010100, 010000 00110000 00110 01100, 0010100000001 000001
0 0000011110 1 jiny'ch 01001 0 0101101001 00011011, 0110011, 1011001
0100111010001 11110 0 0001110011, 000101 0 0010, 1100110011101101
010000 000111 010010 1001000010, 010010 1101101110000 0100101010110,
0000 1110, 0000 0100 0 0000 100100, 001101 0010011001101, 1001, 00010001
0 001000010001, 001011 1000 01101010 1000 0 00111010 0110101
0110100011, 011001101 10 amplissima forma obnovovati‚ 00100100011 0 00-
10000011 111100 0 11010 {istem 00110 0 (101000000000100, 00110
010100 0110010, 0 raddon 0100001 001101 011001, 01100100 01001
00011101 0 0010101101 00010010, 001 jako 10 010010 majestat 011 01·
00101101 01000 0101000, 0011101 0 0010100 10101000 0 0000001 1010,
0010010100, 01000100 0 00001001000000 101 0 00· 100 001001, 010
00000000 00101 0 0011 0100 8100110 01010 1001011110 10011 00011011 .
0 000101 1 01001110100011010001 0001110011 0 0010 ingonem 01 000010 ’
00110 00101 0010010110, 1011 10 jim 1101010 0 11101011 0011010 00-
01010 001 0110000010, 0100 00 0100, 001 00 00101011, 1000 0110011,
11110100101000101 001101 101110110010011 010001 01001 1111 010-
1100111 01011110 00010101 010000101 0110011 0 00101000101100 1000
0110011 000111 0 000 0111; 011100011οο 011100 011001 0100 0010101110
0 00110000 00110100111011011011 1010, 01000, 000010 001 00001-
nosti byli, 10000 00000 000001 1010οο 1000οο i 0100 000
00110000 00110, 00010110 1 10100010, 010000 01100, 010110 111
0000000000010101001 010010 0100 8100110 01010 Ρο0101010, 0001011 ’
1 1010001, 1011011010, 1101001, 1011 001010 00000000, 0100111101 01-
100110011 0100101100 0 1011000100 pro 11010011οη1, 01001 0 1100101οό
0100101, 0 010 0000100 010, 1111010 00110, 10100010 101110
10010000οοοωοηὸο 0οο01 monn a povinni 001, 1000000 001, .
011 100011 0100, 001 00 010010 11010, 0001001010 0 00100001 00100
01001000, 0110 0 000101, 10111, 111011000000011101101000100011, 1110001
010 0 100 01011101( 00110100 00111000 010100 110111 001000111οῐ00
010 001 0000001010 10100 0000110011 0011 01001011 0 1001000111,
1111010 001101 0 1001000101 10011110 10011001 01010101101001101. Το00
00 00110001 001010011 0100101100 k listu 0 00100110 100010 01101οἰ11

 

