(tvl

1011111111 1011011111 11111 11111111 1 sice dvorsky‘m 1111111111
m· 1111112. 11111111 lm, 11111111 1111111 1111 11111Ρ111111101 1 11111111]
11111111111111 111111011101111;·1111111011111 11011011, 11111011 11111101
111110 1101111, 1111111111 10111011111 111111 01011, 1111111 1111111 11111
1 1111111111 1111111101 111111 11111011110110111, 111101 1 1110111011-
1111111111 111111 11011111011100111 11111110 11111111. 1111111111 1111111111-
111111 10111111 111111111111111111, 1111110111111111111111 1 11111111 101111
22. 1111111 1183 01111101 1110111101 1111111 k 1111111 11111111, 1111111·
111111111111111011 1111110111111 01101110 1111111 Ρ11111111101 1111111101,
1111111111 111 11 11110 11011111. patentem ze 1111 11. 11011 1184 11111-

111111111 111 111111111111011111011111, 11 111111 011111 se 1111101110,

11111 1101111101111,101 0111101111 11111 rokem 1111101111 1111011111
1111111 1011111111, co 1011111111101111011 1111011111, 1 den 11 10 -
12. 110111 1181- 11111 11111111 (11011111 1111111, 11111111 1011111111-
1011110, 11 11111 111111 Ρ111111111111 se 1101111 1 1011111 0110 11011 spo·
11111111 magistrumn 111011 radon 1111111011.”’)

1111111111 111110 111101111111 1111101111 se 1111111111 ke
1110111 11111111 1111111. 011111111111111111111Ρ11111110 11111 se 1111
1111101011 1110111111, 111110 1110 11011 1111 01111111011111 1111111 ve
1111111 1111101010. Z 0111111111 11111Ρ111111111 11101110 11 1111111
11111111· 11111111 1111111 111111111111111111110 1111110111 v 1111111 ma·
gistrum 11111111 1111111111 stuli 1111111111111 1101011 01011 1111111
11111111 (11110111 011011 11111111 1 11110, 1101111 11111111( 0101 Ρ111111.
1111111111, 111111. se proti 1101111 11111 1111111101 011111. 1111110111
11101111 11111, 10 10 1011110111 110111 11111101 1111111111 1 ie 11
1111111110, 111 pfl 1011111011 101110 111111111111111 se. 11010
11101111 11 1 1111111 1111 111111111111, 111 1111111 11011111 111110·
11111111 111111 1111111 110 10, 11111111 1111 111111 se 1111111111111.
1101111111 11 1111 1101111111 1111111 11111111 11111011 1111112111οη
11 11. 1111111 1184, 10101111011111111101111, 111111 111111 promi
11101111 11111 11 111111 mista 11111 se 1111110111111101111 111111
a 10111111 1111111111. 111111 se 11 1111 1111101111 1111111 111111101ῐί
101111, 1101111111 1011111 11111111 1111111111 111111. mm My, 111111

Ἢῡῑώὴῶῗαώῂιηωὶῠπίμὴπὸαάωωέηκϋη
mmnnemuhnjehubmkzstomch.

 

