XXX

11711111 1111”) 1 77117111 11 71117117 0 7111111111 111111 10 obce.·⁴)
Κο1111111 711111 7111071111 111 0 0111111717 1117110111 11111111711711171-
111ΜΜΜΜΜ7ΜΜ7ΜΜΜ1ωώἮ1ΝΜΜΙ
1111111117 ode 711117 7111117, 1171111 101711111101711111117, 1111111111
111111 1171111111 1701011111θῆ

Ρ11111171111111-11 111710 privilegia, 111 8111111111111111 dor. 1541
hyla 17111111, 1111111711, 11 7 1117111111 71717, 111 7111077111 1111
11111111 7710717111, 011711 701717171111111707111 11717, 171171 17711
byl 7711111, 717170 10171111 10717111 1111111171, 17171 1171117 ku 17711111
01701117, 1117110110 7717171011 1711 711171 71110111 11111111 pro
711171 01101111111111111 7111117 1117111; 7711111111 70111771171111111
171111111110110111 11111711111111071111 1711171; 77170 1117117110 1171771
771701171711 od 1111 7011111111 711711117011111 1711117111 01111111
1177111111 11111117 0111111111 7171111111 7011107111 11111111 1117111
mfflfflffifflfflwmmmfflnjfflfflfflmmm
1111111 11171117 11111, 7711171117 7071111110 711111 1717111171110 117171-
707111 7711111111 177110711177 111111117111191), 1 11171171 711117 1 7117177

⁹³) 11. 1. 117, 117 a 111.

⁹⁴) sb. 5. 117, 111 a 710.

⁵⁵) 11. 5. 111, 177, 111, 1111 111.

2⁸) 1111. 111, 111 a 111.

⁹¹) 51. 1. 113. - Ι)11 717111171711071171711 7 1. 1198-1111 1. 101 117. 208
7111111111 17111171 1111111711 dal 1 71171111 17711 1117111117 11111111 71 na
Β1711111 15. 1771111 1500 1711 ,11171 71171111 177771717111 11071111111111
1171117071 7 11117711. ., 17 11171111101117117111171 01171711 1 71711111
1111111111Τ11111 1 71707111 7111111111.“ 1 717171 17711, 11 1111111 ,1117 7111111
717011 1111111111 1111 11711771101011 7171111 1 7111107111 1171, 1117011110
071 71171171ο7 11111111 717171 17111717 11717111,“ 7070111 111111 1111071, ,1117
011 ten dvuor 11 7111111 017711111 11110 1117111 1 7717170711 1117 171111 10110,
1117011110 11170117111 717171 1 7111717 7017117111 1111111-11 117 11711710
1711 17170111 1711111111 7177117111 1111171171 7111711177 1171111, 1711 11 70 10
11 1 710 11111110 11111, 177111 1111111111 707117111170111111 psal& Ζ170711
1171 17711 mu 71711111 111 711111 7111111 717011, 1711711 071 111701177117 11171111
101111 7111111111 11711711 71711 7 7171111 771071 1 1170111710 1117111111 1117111171
1771111111 11111711 71171111111707117, 11 11711117 111111 1117111 7111 na·
7717111111 ,1711 1111111 1710111111 1771107111 171 71111111 11117011 111
1 7110711 11111 01011111 111 nich 1711101177 1711111 701117111111 7711111110110
11111111, 11171117 1171111 11111171 17110711111 7117171711, 71171 mu 71 10
7717111111 11111 ,11171111 1711711 11 11 7117111177111171, 1117 1117 011 je

 

