XLIII

celkem 1111110 1110111011111 110111101110 11 0111181111 111110,

11111 1110111111 11111101110 1101111 1111111101 [1011111111 1111111
1111111111 1111111111111110. 11011 1111111 1110111100110101111
111011 1111111111 11111. Po 1111111Β111 Ηο11111111111 101 sice
11 11111 1101111111 8111110 111111 001111 osoby‚ 111 r. 1611 1111101111
byly; 111111 11111101111101 1111010111, 111101 111111 1111 1111011111
10 1111011 1111111110 11111111 1 11111. 11111111Μ) Ρ11111111111111111,
111111 111011 01111111 1 11001101 (1111111101 111 11111101 1111111101
1111111111 10011, 1111511111 111110 11111111 od r. 11611111001011]
1111 a soli,¹³⁸) 00110111111 sou 11111111 0101, 1111 11 dle 11110
11111111111111101 na jich 0111111 101111011111011111110. 1011 do-
111111101111 001111 1111111111 1110111 Β1101111110 Μ11111111111 9. pro·
since 1610111111 01111111 spis, 111111 1101 1111111 10111111 11111111,
1111111111, 1110110 011 0111111111, 1101011101, 101110111111111111111
111101 11111111. 111011 tu 0111011131111111111621, podporujice ji
. 0111111111. 111101111Ζ1111101111111011011111110111111111 1111111111
111111 11111111 domu 110111111111111110, 11111110 1111101111 13. 111111
1612 0101111, aby 1111 nimi 01111101 1111 (11111 a u 111111 seza 11

1111111111, by 1111 111] upokojil, 1101111111111110110011111111011
1111011101, privilegilch a 11111101 11111111. ¹⁸⁹) 8101110111 10111110
1111101111110 1111111110, Teprve kdyI 1111111111 10111111 1111111111
1111111111110 1011111 111111 1111111110, 11111 0111111111 1111111 111-

Ἢ-

¹³³I 111111 11101111111111 111111 3. 1111011110 1621 1111111 11111110111111111111,
011111111111 1 01111111 11111 1111111111, 11111111 1111111110 1111111111111
neobmezeny'm 111010 gubernatorem v 111111, 1111111111 nich 11111 11111·
11111, aby 11 1111 1111111111101110. Orig. 1111101101 11111111111101111
1.1)1111,111101111101 1111110101 111 11 pIipsIno: „Iyto vfiecky 111
1111111111101 111111 111111 01111 a 011111, 1111 proti privilegiim 11111 11111-
11110111111111111111111111 11101 111 11111, 11110 se 11110, 11 1111111
1111111 0111011 1111111 11111 11101 11111111 1111111101 17 Novembris 1622
1111111 a 11111 1111111111 (10 0111111 1101111111 10111111 11111111 jiI po-
1111 11 11111 1110111111 11111111111111111111011111, 111 00101101110110 1111
11111 1011111101 privilegii 111111110111111110 1111111110 pIi starobyly'ch
1111011101 a obyeeji.“

¹³⁸} 111111 1101111 m. Prahy 1. 3211 stt. 213.

’11111111 111-111.

 

