CXLIII

2 111111 818 1 11818818 18 118818 118 8188 181811118 18818 11811881 ⁸⁸⁰)
·1· 8111811818 ι·. 1808 11811 1181111818. Κ111 1811818181811181818
«J 1811 18118111, 118181 1181. 18118111 1118111811 1181811811 11111811,
⁶ 11181811. 181181111111 18118281181818111811) 8181 Ρ18181818
111181111118 18181818, 811 tito 81811181 118 11181 81811111818181
81181181181111181 1811111881 18 1881818111 1118181181 11111811, 11
18181118 11111 818811 k 181188811 111111ς 81181 1818 11118181881
Ι 81 118118181611181818 188118 118 18888881 818181ίί1118 88811888 domu

81111 881818181111, 18 118 8188 1818181881811811118818 988 11. 47 11. ι’·

8111111111] 18111 1181111. Β811811111 1181111111 111818111818, 811 ”
18181811 81181811 11818111 18 18181, 11181811 1111 11881818 118118 (81811- ,·
118111) 8811111188 1818 81 osmi k osmi 11111 8181 81181811. Gu- ·

bernium 111818 181 15. prosince 181511118111, 111818 81181181818, ’1

18 8811888111 1181811 ,11111ιι 8188 Ρ181818, 1818 818 118111181118, ·

1118,18811,181’8 8 111, 181 88 18 1811818 81818181118118181118118-
11818181 18181811 181811111181 11181881 11111811, 118118 maji 8181111
818 8 nimi 81818118 1818 18181818 118118 1111181 18111 1181111111 181
8181811111 11181811 18881818 mejta Praiskdho 11181 i 11 1811 81 11811-
1181 81811 1811811181118 81881818 8811111811. Μ881818181ο 118118
1118 1181 8111818111111 181118111ιί 11181118 18 118 25. 881118 8 22. 11118
1818 1181818, 111111881881818118111 181111818181818. Ρ11 tom 1118
ι 81811881111818 1811818 18 8111811 18118 1181811111, 18 j1 18181818
1111181118181188811 118881111 11118118 111888 dani potravni.³⁶¹) Ρ11-
1111818181118111 1118 18 2001, 8111818 8 18181811 818811181 11.Ρι·811
11. 1880 111. 1081818111 81811 8188. 81818181, 811 111181811 181181
81881181 1811188181818811 11118111 1 18111111111111 1181111111] 81

1818 procem, 11181181 8181 1811181866 1111111 11118111818811 ’

181111 18118111 dani 1 1118 18 2801, 8 1118181111818111 81181118 11·
18881118 118 3. 1811 1866 1. 36384, 18 11181111 811181818118188111
18818118 18111811 18111181. Pm'vilegia 8188 Ρ18181818 11111811 818

81181 8 18 118818 1118 18111 1818111111 1181118118 1111811111 1111818ς ,ι

—-—--—

²⁶⁰) sb. 8. 841, 111 a 959.

1111118881 8. 888-811, 811, 888, 888, 111, 1888, 9119 81881 1818188
m. Prahy a„Provinzialgesetzsammlung des 1111811181* 1899 str. 369 8 609.

 

