1111. „ '· 96,9

1111111, 1111111 11111 11111111, 1111911 1111911111111111111111111 11111111 1 ’
jmieni, (11111111191111111111111 1111111111 byli bez 1111 1 11111ιὶ11111
11111 1111101 11111111 9111111111 1111111911 9111116111- “
91111111. Ρ111111 11111 11111911911111111111111611111111Μ1111111 ‚
111111Ρ1111111111, 1111111111 1111111111, tuto 11111111 1111111 11111111-
111111, 1119111, 1111119119111111111111111, 1111111 1111111111, 1111111
111111 19111111 strouhu 1111 11111111 19111 11111111, 91111111 111111911-
vedlnosti ukazujl, 111111111 1 10111. 11111 1111 1111111111 9111111111, jich
sprvnlmi 111111 111111 11111111, 111111 11111 11111 91111111 11111111 1 jez,
na 1111111 1111111111 11911111111111 jich 1111111111 1111111111 1 11111111
jez 11 11111111111111 1111111 11 11111111 1 1111111 1111 11 k ostrovu,

6 jako 1111111 1191111911111111 11111 stoji, ten Jez 11111111111111111111,

111111 11111111 1 jeho 11111111 11111111 ku 91111111 1111111111111111

6 1111 1111111 111911111111111111111111111111111. Ρ1111191111111111111111

1 91111111 11111 1111111111 1111111, 1111111111111161,11111111

1 9111111 11111, 11111111 1 1111111111, 1111111 111111 1111111, 111111111111-

1, 91111 1111111111 Μ11111111 111111 1111111111, 1911111 1111111111, 9114111111

1 1111111111, 11111111 1 9111111111 1111119111111111111111111 1111111111

1 111111 1111111111 1 (1111111 111111, 1111111 1119111111111111111111111-

1 111111 1111111111 pod 111111111111 111111 1 1111111111 11111111111111111

1 11111111111111 1111111111 1111111111. Tomu 11 1111111111 9111111111 1111-

11111111 1111111 1111111 9111111111 1111 1111111111. 1111111111 111111

ῑ Ρ111111111 1911111191 1111111111 1911111111 11111111 letha 11111111

’ 1111111 91111111 61111111 1111111 a 1111111111 111111 1111111111
1111111111 11111111 11111111.

1111111111 m. p.
1111 Johannes paug de Robenssoein 1. 11111 m. p.
supremus regni Bohemie cancellarius 11. 9. -

0116111111111 m. Ρ11111, 1. 39. S 11111111 911111 1111111111 11 &arveno-
bss6 111111111111191111111111 111111111Π, 11 111111 1111111111. 11911 1606, Fer·
(1111111111 111 1111111Ρ11111111 11111111 1628, 11191111. 11 1111111 1111111111
16. prosince 1611111111Τ111111111111111 1611111111 1747 1 1111111111 1. 11111111
13. 11νὲ1111 1866.

 

