XXXVII

11101 1 0110011110101011110110111 0110011 01111111 11101111, 11111 110101-
1111 01101 010111 neb (1110110111 111010111011111101011 neb potvrzovali,
10111110111001. Ani list na 10111101 11. 1338, 111011011110111110
hrdle 1111111οε111, 1110111 00111 na 0110011 10110 111111 11111001 11011101,
101111 10111101. 11010111 10100101001111101111111001 1010111110110
0110111111, 11011111 a viny v 1111ρο110011 111110111011,11101 1010, ungelty
1 11101101 0011 10111011. 01101 1010011111 001 1101110 11111010 1101011111
10001111 a 0101 1 10,οο 110101101111 010111 0110010111 11101010111),
10101 1 1111110010 11 pravo 1111111011 0111111 10010111011111110
1111111111 0110110110 od 11011, 1110 00 1 111010 11111 01111011. 1011110
11110111 (111 po potvrzenl 1111110111101110011 00111101111111011111011
1111111111 10 1001011111 0111111111 11101110, 111101111111 1101001101 sobet
11011001 1011 nimi. ¹¹²) =

12. 11010111 1 11111010 10 011011111100110111100100110011111·
0011 1111011111 0001111111 0101111111 1111110111 1111111110 11101011001111
010111 0101101110 a 111111 0 1101 1100101111 10111011, 10 0111101011 0110110111
11111011 1 111011 a 10 [111110 1111010, 10101 1011111111 1100111, 10
11010101 11011 111 00111011 11101111 a 0110111111, 10 1011 11111 1101111

*h

11010 80011, 0 10110 01111011 0011111111 10111 ρ1101111011011111“ (1011011110
1111101111. 111111111110110101111 1111010110 111111110110 1. 1580 v 011011 po
1010110 11011 panny 1111110 list B 9 1111. 1011011011111 1111111011Τ111011
1 Lippy 010110 l. 1588 1110111111 po 01111111111111011001011111 101111111-
1101101011011011 111 01101 Μο111110 111010 1111010110 (8111101101111.151
101011. 11111111). - 50011 dnm 1110101 r. 11811101 110 0101011011 obeo
11110101 a 101011 00 posud 1 1011111 1111011.

¹¹¹)Tieftrunk u. 111. 011. 318. - 1111011 1101111111 1111110011 1110101101 11, 15111
1111137 (1011110101 010101 0110011 111101 „Cesty 0101101110 101001 0111100 111-
101010, 010111 010101111111 1111111111 0010101010, 111100111100110111111, 111110-
011011111 (1001010, 11101011 11011110111111010110101110100110111, 11111011, 11101-
10111111111100011, 11001011011, 01111 01011 11001010111010, 111011 00 1111011
11110,111001,11111011110 0 10111, 10 1001 111111111; item cesty‚ 010111, 01111100,
1 1001011,11111111111011,1 11011111, 1101111111, 1 1111111, 11111011] 0 k 01111101-
110111 od 0101011110 1110101101, 101 11101010 1111 1011011 101101, 0011010111
1111011 1101 110110111ιό 1101, 1101100111 jaon 0100110010111111011 00010001010·
11111111 0110111111 1110101011 a 11 0110111 od 11101οἅ1110 10011οΜ0111, Mdny sobk·
11111111, 00011111, 111110011111 011 1 11111111 jich 1111011110111011111111110

11011 ·

 

