* 13. 333.
1333 13 mn. 11313..

(313111 Rndolf ll 1313113111 1311331113, 1333311111 ι’ 111 3131 81311313
mista Promeae 313 3131111311, jez* 33 do me'sta 11133 1331331131 31311
133311, uby 31311 11113 3113331311 11131111.

1111131311331111111311333131331 mmsky' 333 m vffly
1331133313311131 ’1113 3 1131311111311. 1131331311, 1131111311 313.
1111. 3131113113 1131333311. 3311113113 1131313111, 133331313113513311
131133133113111 3311113113 ete„ 3333133133 111313 1131331 11331, 13
13313 31 13311131 131111313113 3 1133131331 1 33 311311 111 31133 813-
1113 311313 331313 1131311113, 11131313311311311131. 13 111 1331133331
333131 3 1313131 1131331, 31131313 113111313111 3 3311131111 31111111
133313 1131311113, 33 1113111 1113 1311113 1313 3313311 331 131111
311131 113. 313 3311 11313113 113111133113 3133113 3 3131111131
13103313 1311 a 33311 331 333313 13113 331 &sky p01epsiti
3 1111111111 3 majestatem 331113 1113131131 113 111311 13311113
33111331 13 113 31111111 11111111131131113 131 1311331 113311 3311133131
133333 3 3 1331 131133111331331 1331133. 13 1333 33 331131 13331 113-
1331 8131113 311313 331313 Ρ13131113 11311113 1333 k 3113. 111111
a 13133 311133, 11311131 11131, 31111331 3 113131 131331131 111113131
3313111111 3131311 3 31 1333131 3131311 331133111311, 3 13111131 133-
13131313, 331131 1131131 111331131, 3133111113131331 (1331131 113313
13133 13131111 3111313 1131313 1313131331 3 1311331311311131131113 kon-
13133111 1111 313111131 8131113 311313 1131313113, 313111131 1 1131333113.
313 1131, 1313131 3131311133 1111331 3 311113131 1333131 1333 1111
13113 131311313113111111131311 1111313, 311133 13313 3 331333131133.
3113 131331, 13113 3313313313 1133 13331 13333, 13 1133 111131
13313131 3 31 113131 1311111331, 131331313331,13133331, 1313113
1313313 1111131 13313133131111311331131131111131113111113331
1131113 133131, 31331 131, 1113111 33 1131131331 Ρ13131131 31311311
31331133 13331 33 131331 3 3131113133, 13 3131131 111311 ὒ331113
a 311311 13113131 13 1313331 133131 111113, 311313313131111333
111313 3 31131111 3113131313, 3 3313 31133 31331 113 13131111111
a 1313133331 1311 11333113131 311313131. Ρ1313111113331331 11313 3111·

 

