Lxss

66111 1111111 1611161.“ Ρ1116111616111611 66 16116, 16 61111661 jedno
116616 Prazski¹ a 16 maji to 1161116111 16 61616611Δ 816161161616111.
11111111 by 1116 6161661616 116111, 16111116 6161116166 16166 6116111.
616161 111611, 6111611 66161616611166116611 byli 1161616111. ¹⁹⁸) Z toho
116111 11611 66111111 6 661166161116, 6116111 6111111111 616 6616166 116-
66161166611611. K tomu 6116111661616, 161 6111116 66616661 611611
6611111 1616161116 66111616 66611166. 0116111161 16 1116161116 11166111
11116 1 6111616, na 11611 6116111 1 t& 16111 111166 61 11666161611116 6616
66611 1616161111] pravom Magdebumkym‚ 111111 111111 61111, 116111
6111616 116111 111 1111616 11616111111611111 strany 66116111 66111-

- 1116116 6 11661611 6161111111 661111, 66611611 sjich 611611 11611111
‚ spokojeny, tu 11661611 66611611 jim 61116 k takovy'mto 6111166166.

111161 6661666 1 ten 166 suile 16111 6616161166 66 16116661 116111-
1661 k 66616111616116116 616 666161 spor strany 6 11611611. 16611

1166161 666161 11166116 1111666611, 66166111 1611616611 11611 1611161666
61611166. 1111161616, 1611616611661116661611 η111111661111116661666
61 61611111 1616 661 61 61116 1166666611, 11161 jim r. 1546 1116166611,

1 611111 6161611661, 16 116111 61116 k 616111 66 611616111611116 111111
apo 6161661 11111616, 16 16116 6116 6 1616161 111116161111111 6611 161-
1616661, 1161 11161 11666611 11166 61116 11 nie. 1116111611 kral.
16 11661661 1611611116 666166666161 byti 1161111111 661616111661661 pod-
1166161116, ,1116111 66 611 116111 Μ61661166611161 6116111 6166161111

¹³⁸) Srv. mfij ,1116166111611616111’1 611. 61.

¹⁹⁹) Posledni zminku 6 tom, 16 pravo Magdeburske 6611616 6116111 plati, ma'
611111 161611 16116616 1116111611, 11161 66 1161161161 16611116 61611616161111
1161611161 61611, 16 1116 1185 ,1611611161 61666161 js1'1 tyto 11616111 pra'v
Maydhurskyoh, 1161111116 11166111 11116161 (1661ιὺ611, 16116116 1116111116
6 1116166 11111611 661 Labem 6 Memlie 161116 11611111 6 jinymi 1111611
66 66161611 611611 poiivajif 1116. 6661611 11611 611 16166161 6 66616166
pravo 1111616111 1116611 1111616 611116 661166 16111111 mezi 161611, 161 66 pravom
116116161611161 66161616166161 16 6111166 6116111 6 66616111 11166161 6161166
11161111116111 6 1116161611 6661161111 ani 161666661661 1666 111616111616
1161111116 11666666 1111111611 1661161161. 1111616 proto 16 616111 66161111,
16 666611 (1611 111116 1161161616 na 66611 1161661166611116 6111681616-
111616111116 66 6111616. Srv. (1666616 (1116666 18811611. 611 6 648.

 

