1111. 299

aby bral 11111111 111, 1 to proto a 1 bb 1111111, 1111111111 11111 111
11111 1111 1111111, nemohlby 111111, nebo 1111111 bobo 11111111111
1 11111 111111, 11111111111, 1111111111111 11111 11111, 111 1111 .
nam 1111111; (11111 11111 1111, 1111111111 11 1111111 111111 111111;
11111111 1111111111 11111 11111, 11111111 1111111111, 11111111 11111 ·
11111 111111 sami 1111 111111, 1111111111111111111111 tivi byli.
K 11111 1111 1111111 11111 od nich 11111111, 1111111111111111111
1111111 11111 1111111, 11111 1111 11 1111111 1111111 1111111111 ’-
1111111111111 1111111111111111. 11111111 1111111111111111-
11111 111111 111111111111 1111111111, 11111 111111 111 1111111111,
nebli¹ 111 lichni. (Kterak md bid upominati, Myby 111111 11111 .
11111 dlub zapbany' 1111.) bem. Kdyiby rok 111111 k vyplnbni (11111111,
toho aby bid 11111111111, 111111 11111 1111111 (11111111 1111 hyla
1111111111111111111 (1111111111 bobo, 111111 maji 11111111, 111-
1111111 k 111111 111111. 1111111111 (1111 1111111111111, 11111111-
11111 1111111, 11111111 11111111 11111111, 111 11111 11111111 1111111111,
neb 1111 11111111111111 tom 11111111111. Κ111111 11 111111111-
11111111111111111 1111111111, bid 1111111111 1111111 1 11111111,

111 111111 11111 1111111111111111111111 1111111 hudo, 1111111111 ·

1111111 neb poslbm 11111111111111 11111 1111111 11111111 11111111
1111111111 111111111111111111 11111111 11111111 muoz 1111111
1111111111111111, 1111111111 11111 11111, 111111 11111 11111 ho-
11111111 111111 111111 &tybi 111111, 111111 11 11111 11111 1111111
(11111 1111111, 11111 (1111111 1111 11 11111 11111111111111, 111111
bylo 1111111 1111111111 1111111. 1111111 aby v tom takovy 1111111)
(11111 1111111111 11111, 1111111 1111, 1111 1111111111111 1111111
1 (1111111 by nezaplatil, 1111 11111 ved 11111 11, 1 od bobo 1111 jdi
11111 111111 1111111 1111111 1 1111111111111 1111111 1111111 111111
1111111111 1111111 ato 111111, (11111111 1111 1111111111 1111111
1111111111, aby jemu 111111111 bylo. 1111 11 (1111111 1111111-

11111111111111111111 (11111111 1111111, 111 1111111111 11111 1111- ”

sobem (1111111111 1111 bezo 11111 1111111 1 1111111 1111. Item.
111111111111111111 11111111 111 1111111, 111111 do 1111 11111111
do roka‚ 111 11111 bom 1111111111111111111, 11111111 111111 1111
1111111111 jeden 111111 biely‘ do 11111111 brali 1111111111 1111111
Κ1111111; 11111111 1111111 bylo na 111111 1111111 111 1111111111

 

