26ss 1111.

11013101 1101111031ίί 1111311111 11111111 311113 111311 110111 03113113,
1111111111 10111111 13110311 (1031111111, 13101110 111101111111131111, 113
ἰ 0101111113111111 k 111111 1 1103111111. 1111 1101 jsou ke 011 Βο111
113110110111011111 1111013111 1113110 11111311 13131110 3111111111.
Το11111 3111111113 111111 11111111 1 1131111111011,11311011 1111, 1313-
nemu 111111Ρ111311111 1111111 1101111311 130103, 10 111310 1 0111111111
131011111111111 110111111111111 111031111310110111111 1101111 1001111
js0u3 nebo 1101111 11110 1 1111013111 11001 11113111, 11 111111111111311
a 11111 pilnu 11111, 01111111 10111311 11110111111 11111 111111 3111111
1 1311 10311111. 11311110 111310 Ρ111311, 1111101111111311 1331101-
1111111, 1111111111 111310 131311, 111011011101111111311 jiny'mi maJe,
1111011111 11111311, pro 1111 1 1111111011, pro 1111111311111110311113
1111111, od 1111311 (1011311011 1110111111 11311111 1111311 11111111 1 po·
1111111111 privilegilmi 1 1111031111, 111111 do 101010 1131 1101101111
101111, 13110111101110. Β11113311111 1111111113, 11101 13113 1131111
3111011111 11111311, 1111111 13131110111311111131110, 1111311011 1 111-
1011111 1113111111111, 1311 k 1111 11110 1111111111 jsou 1101111311,
[1113111301 1331111101 hylo, 10111311 1111013111 1113110 1310113111
1301 01111011, 1311 33 11 11 11311, 1111 1111111310 hylo. A 11101 111101
111311 11111111 1 011111311111111101111111131111 1113111, 11111 11111111
3111 1111103111011111011111111111111 1131111111 jsou 1011111111, 111 1111
proti 1311113111 111111 31113111 11101011, 31131 11111111 1311111103,
k 131111 jsou pomoei, 1 3 11111 1113111 13111311 13110111111111, 111
13 1101111 13311311113111111 je 113111 11110311 111101111011110111101111111,
11111 1111311 13101110 111131131011011111110111 jich 1111111111, 113
113101011111110311111 1111111011 31111 111111, 1111011 111 11110311
1111011101 10111311 111 33 1111111311 1010111111 11111. Ζ111311 1131131111-
11113 11311113 etc. tvrdi 113011 11110311 311. 11111111 11111111113111
13111111 1 31010 od 310111. 11113 111111 0 1131111111111111 1 0 1011,
11111111110113 bud (1110110111 11311 3111111131 1311111 1101101111
1 0 (111111 113111; 1. 11113111011111) 11111111, 1111131 1111311 1311111
1101111111 3. 111101 11131111 111133) 1111 1111111111 1111311 0113011 113
1111111111 jinde 301131 131111, 131 113111111111311311 110113111101

¹) (1111111111 11. 111111 1330113. 11. ²) d. 111 11111011111111111111381
1. 105. ³) d. 1Ρ1113 ⁶21. 11111 1413 1. 131, ⁴) d. 1 Ρ1113 16, 311111 1431 1. 139.

 

