1176.

11. 111.

1176. 1111111111. 111111.
1111111111 ΙΙ. porvrwje 1111111 111111111161111111 1111111 111111 111»
jicim jako majestdt cisar'e Maximdiana II. d. ve Vicini 23. 11111111 156 7
1. 262 jich svobody α prdva. 1111111111 11111111 111111 11111111

1111111111 111ήὶ111111 111111 11111111 qna-tameo 111111111111 11111111
α 1111111111 1111111111 11111111, 0111111111 11111111 (11111111 111 1111111711.

ῧ1111 111111 privilegi( zemsky'ch list 44 v 1111111 1111111.

11. 111.

1577. 14. 11111 11111 1111111.

Ginai Rudolf ΙΙ. potvmtjo 1111111111 1111 1 1111111111 61111111 1111111911
α pniva jim paddly‘mi krdzi a 11111111] 11111111 111 111ηὲ 1111111,·
1111111 uby na 11111111 11191 thy a komny 61111 1111111ιί nebyli.

My 1111111 11111 1 1111 1111111 111111 1111111 11111, po 111111
basy 1111111111 1111 1111111111, (11111, 1111111111, 0111111111 1111,
11111111 1111111111, 1111111111 Μο111111, 1111111111118111111
1111111111111 1111111111, 11111111 11111 1111111111, 11111 jsou
111 1111 111111 Ρ111111 1 na 11111 111 1111 1111111111111111111
11111 (111111 11 111 1111111111 11111 1111111111 1111 11111111,
jak& 1111111111, 1111111111 1 1111111 11111 1111111111 1111111111
a 11 11111 1111111111, 11111111 111111111111111111,
1111111111 od nejjasnbjfiloh 111111, 11111111111111, pana 1111, 111
od pana 1111111111, pana 1111, 111111 111111111111, 1111 1111111
11111111111111111111, (1111111 1111111 11111111 111111, 11111 1111
111 11111111111111111 6111111 1111111111 1111111 (111111 iton
1111111, aby 11 111111111111Ρ1111 1111111 (11111111111111 11-
1111, 11 11111111 json) 1111 111111 1111111111 maji, 1111111111 111
11111111111111111 11111 1111111111 1111111111 1 1111111111 11111111
111 11111 1111111111, 111111111111111 1111 11111111 jim tychi
11111 1111111111, privilegii, vejsad, 1111111111 1111111 jich 11111111
11111111 1 potvrzenych 1111111 111111111111111111 111111, 1111111111
1111111111, 1111111 11111 111111111111111, 1111111 111111 111111, 1111
datum dominico 111 laetare annorum domini MDX3¹J 111111 111111-

’111111

 

