(332 1649.

110001010001101001101101110 1001100000, aton 01010 0101101001
maji 1101 0110011 1000010101, 10101111 0110 100101101οέ 0010ιο11

My Ferdynand 11011 0 1011 0011001 001001 11100011 01001, 10 010011
0010000οο101000000001, 1001, 0000001, 0100001101
000011 1011, 00011010 1101000011, 0010010 1010011011, 0000110011
11οο00011, 00100101000001001011, 8100011, 10010011011, 1110011, 10
01100011, (1010011, 110101000110101011, 10110 1011011, 0000110010Ι
101011101 0 101011101 10110, 1011001 10011 Ηο11100011, ’11001011
Ρ1101011, 11100011 0 (1001011, 100111001111000011, 000011001100011
11100011 1110 001 100000 0 Βο0100011, 110 0 110111000110, 0 Pom*
0001 0 801000, 101101 0 000100011 1010001 10001100 0000000100
110010 1101000 01000, 10101 01010000 001110 1010 0010010110 11011011
001110 00111001 0000 0 1010111 tyto 0000011 0101 moe 0 0000010011

10000, 101 1 01 01001011010011000011011010100011,110011 0010 010011
1101 00301111 1001, 110101011101110 0100001110 111 000011 miloni
0010011000011 100 001 10101 0 0100110101 0100101, tuda i pro 010111
01001 1111100011 01101 100110011, 0 1100101110 000110101 0 100111
100101, 0110110 010001110110010011, 01001001 11100111 0 10011001 Cen

11111010001010 000010000110, 1001 10010101010010101 1000110111
1101110 10101001101101100 101101, 10 nimi 10101 0 1110110 0101000011
0 (1011, 101111 111100010000 010010100 010110001οο 1001000001100
01001110101011101 ιο10011; 001010010 1011110 1000 11101 0 101101
10000 110011, 011 10100101 00110011 0 01003100001100 01000 01010101
0 101000101οἑ, 010 10100000 10111000 00110 000100111001101010110
0100101 0011100011 0 100113100011, 01011101101111 000111 mezi 00-
01001111001 1000001001111001 110111. 1101110 010011010110 10111100 0011-
1010 1001 01010101100, 010 0100111101 10100011 0111000, 0110100011,
110111 1000 00 10100 0 01000100 10000 001000101000011000 0111011
01110101, 01001, 0101 0 0100110101000100011 0110101 01001111 10101111
100 0100101000110011 0011 01001011 0 101100011 000000011001, 010
001111 01000 1110101 0 01010101 0110000101 0 0001010οί 10101110
0100οῐ000, 01110111 01000011 10011101010110 11111001, 101 0111110
001010111 0 01110111 10101 300000 001, 0101 0 010011101010100101000-
0000100011 000101 00110001. I 11100110 my 00111011001101 1000111
000011 01001 0110101 010111, 11001 1000 0100 0 0100010000 domu 00·

 

