XLV

111111 ,111111111 11110111111111111 111 111110 1111101111 1111110
11111111 1011, 111 111101 jus legis 11111111 1111011110 11011011 vy-
111111 11111 111111.α Ρ11 101 111110111, 11 1111 prava 1111111
1111011181110111111111 1 1111110111 01111111 111 11111 1111101111
1111111111 111111111111111 1111111111 1111011111 1110110 111111
1111, 1111110111111101 11011111 1110 1111111 komory 1111101111
0110101111. ¹⁴³) Μ111111111 pak 11 111 1111111111 1621 101111111111111

privilegia, 1111111101011, 101111011111111111 11111111 1101-
101111, 1111111, 11 11 111010 11 1111111111 1011 1111101111 111
1011111110 1111111111 1 11111111 11 1111 11111 11111111 1101111
1111)**1 stara 11110111 1111111 1111111111111111, 1101111 1111111
10111 1110111111 1111111 1111111, 01111111 11 1111 1 1111110111.
11111111 1 1111111 1628 11111110 bylo 011. 1111111111, 1111
111111111111011011111 011111111 11111111 1110110 1011011111 11111
111111101111145), hyla 01111 8111011111110111111 111111 1011101
11111 1111111, 111111 1110111611 11111111. 11111111111110111
1011111 1111110, 11101 prava, 11111 1111 01111 10101111, byla ji 111-
1111110111 do 01101111, 11101111, 111111111111 1111111 1 1111111
1111111 11 111011 10111111] 1111111111 1101111111, 111011 111-
11111 1111111, 11111111111111 1111111 11111011111111, 111111 11-
11111 1111101111 111110111111 1101101111111 0111111. 1111111111
11011111111111111111, 1101111 1111011111, 1111. 11110111111111, 11111.
1010111011111111111110, 111011 111111110 1111111111 111. 11111-
1111111011111111 1111111111111 1111 101 0110111 1101111 1111-
111111111011111 1111111111111101111111101110 1110 11111110111111 11111
1011111111, 11111 po 111111 11101111110111111 zbyly Jenonl 1111111
11111. 1111111111111111111111 101010 1111111 1011111111110110111
1111101111 1111 1111111111, 1111111111 1 jiny'ch 111111111110111, 110
1101110111 prava 01111 111111 101 1 1011111011 1011111011 0111111
11111111111111111111011 1111111 1110111, 110111 1111111 1111111111

κη,- -...„.-..-

' ¹⁴¹) 0110111110 11111111 11111111 1 r. 1117 1111111111111. Α 1134131.

¹⁴⁴) 11. 1. 110.

”’111111111 11111111 1. 144 111. 11-11111111111 1111111. 811111111111
Vrby ,1111111 111111 11111 1111111111* 111. 1111111111 1111111 1011111111
111. 953.

 

