11111. 1355,

,111 ,1111111111111111111111111. (Naisleduje 1111111 111111111111111111111111111111111 11.
11 1111111 1111111111 1.·113 111. 21111111 -911111111111 111118111111111111·
11111111 11 ,1111111111 111111111111111111111111111111111 11111, 11 1111111 11111111 1111111
nimi 11111111111111111111111. ,111111111111111111 «etc. 1Χ11111111111·111111111111111111
11. 1· 111111· 1. 1ῗ11·11·111.11.”1·.1·’.) elam.) - 1111111111 11111111 1111111111111111-
,1111111[1111111111. 11111111 1 1111111111111111111111 1111111111111111111111 1 1111111111·
1111111111111111111111111. ,111 11111111111111111111. 1111111111· 11111111 111111
11211111· 1111111111 11. 1111 111111111111111111111 31. ,11111111 111111 111. 211111 -
Pon-mnf na 11111111 11111111 1111 8111111 1111111. 1111 1111111 1111111 11111111
1111111111111111 1111111111111111111. 11111111111111, 1111111111111 1111111 111111
1111111111111111 11. 11111111 ἴ». ,11111111 111131 111, 211111.) 111111111111111
111111 jir', 1111111111 psam-eh 1111111111, 1111111111 1111111111 Ι111111111111111 1111-
1111111111111111 1111111 ,1111111111 111111 11111111. 111111 111 1111111111· 11111111111111
11111111 1111111111111111· 111111111111111. 1111111111111 1111111111· 11111111111111111, 1111
1111111111ῐί 11111111111111 11111111111111, 1111111111111111 11111111111111111·1·111·1111·11,111·-
111111111 11 111111 1111111111 11111 sc· 11111111. ,1111 11111111111111 11111111 111..
(Naislvdujv 1111111 1111111111111111 111·11’111·μί11·,1’;··111’·1· 1·’1τ1·1111111111111 11. 11. 1111 11111111·
1111111111 111. 11111111 111211 11111211 - 1111111111, 11111· 1111111 1111111111111111 ,1111111-
11111115111111 111111· 1110111111 111111111 11111, jak 1111111 1111111111 111111111111 11 1111-
111111111181111111111111111111. 11111111111111111 11111111 111, 111111111111111 11111111
111111 1111111111 111111 11. ve 1111111311. 1111111 1112111. 21111-1’1·111111.11,1’·111
1111111111 11111111111111, ‹NaisloduJ'e 11111111 1111111111 1111111111)ν 111111111111111 11.
1111111122, 1111111111111 111111 1. 1111.) -1111111111111111111111, 1111111111,
1111111111 a potmliti. jaknr'. jv 111111 11111111 111111111111111111111111111 1111111111
111111 ,11111 1111111111 1111111111111 a 1111111111 1111 movi 11111111111111111111111111111
Ι1111111 1111111. 1111111111. 111111111111. 1111111111111 1111-1111111111 1111111111111111,
1111111111111111. 1111111111111111 a 1111111111111111 a 11111111 111111. 1111111111. 1111111-
,11111111111111111 1111111111 1111111111 1111111111,11111111111111111111111111111111111111

*1 ,111111111111111111111111111111111 1 1111111111 1111111111 na 1111 &as 1111111111 ,11111116
1111111111 1111111111 1111111111111111111 11111111111111111111 pn 11. 11111111111111111111111. 15⁸2
,11111111111111 1111111111111 1111111111 domu, 11111111 1111111111 11111111111111111 111111-
skalu». 111111 1111111 111111111111111111 ’1111111 11 11111111* obvi ,1111111111111111111111111
1111111. 11111 11111111 1111111111 1111111111 11111111 1111111111111111111111111 k tomum 11111-
,1111111 1111 1111111111· 11 11111·111’·1[11111111111 111111[111111111111111111111111 1111111111ῑί 111111
,1111111111 11111111 1111111111. 111111 1111111111 111111 1111111111 1111111111111111111111
1111111111· z 1111111111. 1111111 11111111111111Ι z 11111111111.1111’11’1“,1’11111,11111111. (111111.
1· 1111111111111. 1111111 11,1·. 1111

 

