111. 11111.
1ῗ111. 24. 1111111111. 11111111-

‘'ism'· Rura-T 11. 1111112111· 11111111 1111111111111 11 1111111 1 [1111111111 t..

1111111111111 1111111111. 11Ξ111111 [1111111111 11111111111111 111111 1111111111 11 [1119111111

111111· ,1111111 1. 1111111111,

1111· 11111 11111· 1111111111 11111 1111111111 11111111111 11111111111111 11111111η1111111
1111111. 11 111111 11111111 1111111111· 11111111111111, 11111111 111 1111111111111 111
1111111111. 11111111. 1111111111. 111111111111111111111, 11 11111111111111111,1111111111
11111111111111. 11111111111111, (1111111111, 111111111111111, 1111111111Ι 1111111111 ’11111111
Valent, (1111111111,1111111111. 111·1·11111,1’-11111111111 1111111111 1111111111 11111111
1111111115111111111111111, 111111111111, 111111111111 1111 1111111111111111 111111 11111111
1111111111 1111111111, 11111111· 1111111111 111111 111-1 1111111111111111 111111.Ι 111111111111,
211118111111111. 11117111· 111 1111111111111, ’111 1111111111111 111111 ιι1 111111111111 11111111
21111111 Ι1111111111. 11111111.Ι 111 lauza-nulum.- 111111 111111 ’111111 1111111111
zu 511111. [1111111111. 111 111111 ιιι 1111111111 ι11 111111111111111 111111
11111. 111 1’;11.’111111·11 111 1111111 111111 1111111111 1111111 111 ῗ“111111111111 111
(111111111111 111111 Ι1111111111. 11111111111111 111-1· 1111111111 1111111111111111 11111111111
1111111111. 111111·- 111111 ,111111 1111111111 111111111111 11111 11111111111111111, 111
1111111111. zu Tyrol, zu 111111. ι.11 1111111111 ι11 1111111 111111 111 1111111111
1111111111 111Ε11111,11111111111“ 11111111111111 111111 11111 111 11111111111 111
Kamul: zu 1115511111 111111111111111111, 111111 11111 111-1 111111111111111 1111111 1111
111 1111111111. 111 11111111, 11 1111111, 111 11111111· 1111111111 111111 111
,1111111111111.,111·11111111·11 1111111111 11111 1111111111 111111 111111 111111111111111 111111
11111111111111, 1111111111 1111· 1111111111111 11111111 111111 1111111,111111-111111111111
11 11111111111-11111111111111111111111111111111111111111111111 111111111111111111 111
1111111111 gegeben, 11111 1111111111 11111111· 111111111111111111- 1111111111
1111113111111111811 11111111111111, 1111·- 1111111 Ι11111 1111111 11111 11111111111111111
111-1111111111 1113111111 111111 1111111111 111111 1111111111-1111111 111111 1111111
1111111111· herr vater 1111111111111 1111111111 111111 11111111-111111111111 111111
1111111191 *Iosephus [1111111111 11111111111111111111 111111111111-111Ι 1111 1111111111· 111
1111111111 nicht 1111111 1111111111 11111111111111 111111 111-1111111111 1111111111111111111
1111 111111111111111 11111111 1111111111 1111111111 11111111111111111-11 111111111111111111111
’1111111111 1111111111 1111111111 1111111111. 11111 111111111111111-111111111111-11111111·
1111111111 111. 1111111111111111 11111111111111111111 11111111 1111111111111
[meret ’,111111111111111111111111111111 1111111111111111111111111111111111111111 111111

 

