CXXXVII

1181111111111, 1111 1111111111111111111111111111111111116111ς 111111
11111 111111 (111111 1111111111, Jako ρ111111111111111116,11(11111,111111
1111111 611111, 111111, polovici 111111811111116111,1111111 111
11 1111111110 1111111111 1111111111 1111111111 11111111 111111 1111-
1111; 1111111 1111111111111 111111611111111111111111111111111 111111-
ιο 1. 1848 1111111111 1111111111 1111111111 1111111 111111111111 k 11111.

7. Ρνάυο k 1111 1711111 Listinami 1 1. 1549 1 1561 1111111111
1181111111 1111111 11111 11111111 1111111111 1111111 111111 1, 111111-
111Ρ1111111111 1 111116111611111. 11111111 r. 1808 11131111 11111
111111 k 1111111 11111111] 1111111111 1111111. 0111111111 1111111111(
5287, 1111111 111111 1111111 11 11180. 1111111 1869 1. 93 111. 1111.
11111111 1111111 11 (11128. 1111118701. 71 1111111111 1111 pravo
11 11111111 1 1111111 1111111111, 111111 11111111 111; 111111 11111111
11111111111111111111111111 J'e potvrdil‚ 111111111 11 102, 11
11111111 prava k 1111111 1111 1 jin& 111111 1111111111 111111 11
111111 a 11 1111111111 111111 111111 1111111 v 1111111111)
jake 11111 obeo Ρ1111111 111111 111111 k 1111 posud 11111 11111111
111, 11111111 11111 11111111 1111111341) ’

8. Ρ11111 1111111111. R. 1808 1111111111 byly 1111116 obci

111111 1111111111· 1 1. 1640 11657, 11111111 11111111Ρ111111111111- .

›upen byl ‹lruhy' (111 111111 111111111111 1111111111, k 11111 11 11111111
diez posledn1h0 11111111 neb 11 1111111, 11 111 111111 11111111 od-
1111, 111 11111 11111111 Π. 1. 1577 kral. 1111111111 111111 111111111317)
111 11111 11111111111Ρ11111111111 odporu 11 do 1111111111 1111.
1111111111] 1111111111 11 (1116. 1111111 1853 bylo 11111 11111111,

,11 maji wy'sadnl 111111 1111111111, 11111111 11111Ρ1111111, 1111111111, .;

1111 11111111 ta obeo moc 11111 1111111111 1111111111ῑί 1 (11111111 po
1111111111 1111111111 11111111, 1111111 111111 11 11111111111111
1111111 k 1111111111 majetnostem po 111111111111, 111111 11111111

Q.—

²¹⁵) 811. 1111111111 1111111111 1111 (11111011 11111111 1111111 „Das Eigonthums-
recht 111111 1111111111111111111111111“ L 111. 11 111111; 111111 11 1111111111
1111 Ρ1111111 na 11111 1111, 11111111 pom. 51 a 11.

⁸⁴⁸] 611. 1111111111 ,Ρ1111 1111 11111116 k 1111 711111Ι 1881. - V 1111111111

11111111 11 r. 1885 1111111111 1111 1111111 z 11111 711111 111 11001 11.
’”) sb. 1. 111-111,111, 111 1111.

 

