1570.

* 111111.
1571). 1111111. 111111 1111111.

01111111111111111 Π. 1111111111 α 1111111111 obci 11111111 111111 Ρ111

1111111 1111111111 1111111111 11111111111111111111111111111111 11-

11111111 α 11111111, 111111 111111άέ11 111111111111111111111111111

1 111111άά111 masne< 11111111111111 1111111111. Ph· 1111 1111111111ἀᾶ
biti 1111111111 1111111111 mimo 1111111111 111111 po 11111111.

1111111111 1111 1111 milosti 1111111111111111, po
1111111111111111111 111 a 111111, 1111, 1111111, 1111-

· 111111 111. 1111, 1111111111111111111, 1111111111Μ1111111, 111111-

111111 18111111 111111 1111111111 1111111111 etc„ 1111111111 111111
111111111111, 11111 1111 111111 1111111 111111111111111, 11111111111
1111111111, 11111 1111111111 Μ111111 111111 111111Ρ1111111111111
111111111111 111 11111 Μ111111 111111 Ρ11111111, 1111 111111 duom
arcibiskupsky 1111111, 1111111111 k 11111111111 111 biti dobytkuov vy·
1111111 11111111 1111111 111111111111 1 11111 1111111111 1111 1111111-
biti 11111, 1 1111111 11111 od 1111111111 purgkmistra a 1111111111,
1111111 11111111 11111111 1111111111 11111 1111111111Μ111111111111
Ρ11111111 11111 1111111111, 11111111 1111111111 11111111111111111
1111111 1111111, abychom 11111 111 tom 1111111111 1 1111 11 111111 1111111
1 111111111111 111111 1111111111, 111 1111 1111 1111111111111111 1 1111
1111111111111111 111111 111111111 dati m0h1i‚ povoliti 111111. Κ 11-
1111111 11111111 111111 111111111 111111 11111 111111111 1 1111111111
1111111111 1 11111111 1111111111 1111111111 1111111, 111111 11111111
1111111111, 111111 1111111 1111111111, 11111111 1111111 111111 1111111
1 111111111111111 1 61111111 11 purgkmistra a 1111111 1 11111111 111-
1111 1111111 obeo Μ111111 111111 Ρ111111111, 11111111 11111111, 111
111 111111111 111111 1111111111 11111 1111111 1111111 111111 1111111111
111111111111 11111 111111111111111, 111111 1 111111, 11111111 11 1111
plac 111111 1111113111 111111 111111, 111111111111111111111 111111
Ρ11111111 1111111111 1111, 1111111 1111111111 111111111111111111111

rynku 111111111111111111111111111 1111111111, 1111111111 1111111, 111111
11111 11111 111111 (1111111 1111111111 111 1111111111 1 11111111 11111111,
1111111111 1111111111 11111 11111, 11 11111111 11111 1111 1111111111

 

