1111. 357

1111111111. Τ1 1111 11111111 1111111 11111111111111111111111111111111111,

aby 1111111 11111 1111 11111111111111 111 nich 111111 hyla: ,Ρ11-
11111111 11111111111111111111111, 11111111111111 11111111 11111, 1111
111111111111, 1111111111 1 11111111 111111 111, 1ΚΜ111, 1111 1111111
1111111111111111111, 111111 11111 1111111111 1111) 11 111111111111111111
111 1111111111111 111111Ρ1111111111 111111, 1111111 1111111 1111111 ·
boii a 111111 111111, 1111 1111111 1111111111111, 1111111111 111111111
111111 k 1111111111 1 1111111111,11 11 111111 11111111 11111111, 11111,
111111111111111111111, 11111 1111 1111 1111111, 11111 111111 1111111111
1 11111 111 1111111 111 11111111, 11111111, 111 11111111111111111
11111 111111 111 111111111111. Τ111 1111 111111 11111111 1 11111111 11111.“
Α 1111 11111 1111 1111 11111111 1111111111 1111111 1111111 11111 111111
11111 1111 11111 111111 1111111111 111111111111 11111111 1111111111,
1111111 (11111111, 1111111111, 11111 11111111111111111 111111 111111-
valy'ch 11111111 1 11 (11111 poledae, 11111111 11111111111111111111-
brany'ch 111 11111111 1111111 (1111111111 1111111 1111111 11111111,111(111
1111 111111111111111111111111111111111111111 1111) 1111111 1 11 1111111
1111111 11111111111 111111 11111111 111111, 111111 1111111111 1111 do
11111, 1111111 (111111 1111111111, 11 111111111111 1111111111, 1111111111-
111111 11111111 1111 111111, 11 111111111 111111, 11 1111 111 11111111
1 111111 1111111111 1111111111 1111111111 111111· 1111111 111111 11111111
1 111111 1111 1111 stane, 11111 111111111111111 1111111 11111, 1111111
111 1111 k 11111 111111 1111111, 1111111111 1111111 111111111111111111
1111111111. A 11111111111111111111111 1 1111111 11111111 1111,
111111 1111 1111111, 11111111, 11111 1111111111111111111 11111111 1111-
111111 11111111 111 1111111, 11111111 11111 111 11111111111111111111111
k obci promluviti: 11 11111 11111111111111111111, 11111111 1111111111,
11111 k 1111111111 1111111111111111111111, 111111 1111111,.111111 1111
111 11111, 11 1111 11 1 1111111 1111111111111111 11111111111111111-
11111111, 1111111111. 1111 1111 111111 11111111 11111111 do 11111 1111111111
11111 1 1111111 11111111111111111, 1111111111 1111 111111 11111111 1111-
111111111 11111111 1111111, 11111111 1111111 1111111111111111111, 1111111
1111 1111 neb 111111 11111, 11111 11111 1 11111111 11111111111111111111111
111111 111 11111 1111111111 111, 111 111111 111 1111111 11111111 11111111
1111111111 1111111 1111) 11111 11111111111111111 1 k 11111 1111111 1111-
111111111 11111 11 1111111111111111111111111111, 1111111111 1111111

 

