CLxlv

ΙῙ. 1111101111 ,,Ρ11,ίυα 10111111α 1110111 XV. stoleti v bibliotkce
1111110111 11111011 1111111111111, 111111 1111 11111110 11011111
111111 1111111111, 1111111 1111111111111 8111110 11011101111111111111
1111111111. (1111111111011111111111111. 112, 101, 108, 1481 19⁴3.

1111011111 11111 11111101 privilegii 111111 11111111 1111111110
1111111111ιρ 1 1110111111 11011111 xvss. 1101111 1111111111 „Pri-
υἰ1111111111Ρ11Ξε11ςΙια (1111111.1 [1110111111 1111 (11101111. radon
11111110 1111111110 101111 Α. 1111111101 110111110111 1101. 1ἷ 210

11111110 110 1111101111 musea Ceskeho 1 0111111 1111 1 11110 1111111 1.
185, 1114, 2011, 211, 2511, 2119, 273, 215, m, 284, 2811 a 29⁴3.

Texty privilegii 11111Ρ111111011, 11110 1 11111011 111111 111110
1111111. 1111111111 1111 1111111011 111111, 11111111 1110111111111
11111111 11111 11111111 111111 111011 1110101111. V 1111111111 1101111
1111111 1111 111111 1111111 1111111 1 111111 1111111111 neb 1111111111
1101 1101111101111111111 1011111111 11111 1111111101, 1111111111 111101
11110 1111111111 1111111111 1111111111 11 do 111111 1111110, 1111111
1111 1110111111 11111 1111111111 111111111111 11111101 1111111111 1 1110-
pisech 1111101111. Ρο1111111 1111111111 11 0111111111 1111 1101111111 1111101)
1101111111 11111111 1111101111 1 proto 111 1101 11111 1111111111 pra·
1111111111111. 1101111, 1111111111 1111 1 1111011111 1111111 111111
(11111111111111 111111 111 1110111 11 111111 1101111111 11111 11011 1111
1111111403)

Ρο1111 se 1111101111111 1111111 1111, 0111111 1111 11111111 111-
1111111111111 diplomaticky 11111 dle pravidel, 111 1111111111111 11111111
psi 11111111 11111011111111111111111111 11 1111 11111111. (11111 1111111
1111011 10111 1011111 101 1111111111111 1111111111, 111111111111111
11111111 11111111 11111110 11 1111111111 1111 od 11110111 111111 01111110
1111111111110111, 10101 po 111111 101111 1111111111 1111111 11101111
1111111011] 1111111111 11111111, 111 za 111111 11111111111111111111
1111011 linguisticky'mi se 101111. 11110111111111 1111111 1111110·
1111111, ,10101 1111111111 1110111111, 1110111111 1 1111111101 1111111111
11111111 samohlzisky 10101111 (111 zv. literae columnatae) 11111111
(10111111, 1111010111 pro typografioke 1111111111111110111110111

111111111ω1

 

