‘149

116116,1116116661Χ11Χ1’Π,661616166661 111161 CV, CXLIV, 13, 68, 136, 146,
v. 8616166, 6666666116 111116 166616 143, 183, 317, 878, 681, platon& ,6
Mfflwmm. vaWAEWQQQI

11616, 6666661, 1166161611, 1661166616, ,1661 431,66,“166111 404, z 16611 1111166·
Ios 16861614, 6616161161 6 1161146611 6161611147.
666161161666616661161,6166161161 2 11661 0161161, 6616γέἑί sudi 6611611
6616611116661, XLIV, CXXIII, 167, 176.

636, 638, 630, 668, 696, 600, 606, 6116116 6 1161666116 Jiffi, sudi 61661
616, 616, 666, 666, 646-646, 646, 6661611611 614, 616.
666, 666, 666, 666, 666, 116. 6 6666616 116166 646.

11661, 16116661 611111. 687, 688. 11461661, 1116166616, redditus 116 regno ,

-11661666 na 1611. XC, XCI. Boemie 118, 111, 147,136. 188, 317.

-memmmffi mmmwmmm

1166666άή661 k dluhfim 2993 k ,1111111 676. 1
466. 666666, 66666 11116, 1161111611, I

1166666666 na 61611 6611616661, 611. XLI, XLV, LXXIX, LXXXVI, XCII, Ι

-6616661166167, 666, 11616666 66 661,611111,61611-61111,611111
wmmfflwmm ' mmmmmmfflfflm2

1166611661 v. 1116161161. 400-496, 490-434, 437, 48ῖ, &3³2

66616666 66611 1616661616 666, 646. 646, 661, 666, 661, 666, 661666,

66666616666166666614. 666, 666. viz 661 ,166661 61666

’ 116661· 66 66116616, 716, 66 prava ,16. 161166666681616666661.

6116661607,809, 313,666,116666- Dochody perkmistra 438, pisam 16661-
becnich (1161161116 408, 406, na 6th sky'ch XCIII, 16, 17, ,1661666166
616116 177, na 1141, 684. LVI, LXI, 603 15061966 6116161116
11666166 uad 66616161 11161. XCVIII. ,166,
nom-0066 1661666611 6166160664 Dfichody 66161 166, 666, 666, 616
111610. 738, 6 661 CXLI-CXLIII: 161111
1161666 86161111 111, 131. ’ CXXXIX-CXL13 z 6611666 1611
z 1116116161Β611111 6. vodni. .
11161616666166161 364, 418, 413. Ι)6611611,611166616.816111, 61166661.
11161661111114116681. 1166166616161, 611611 1111113116, duchon!
1166111166, LXXI, 86, 87. XXXII, LXXVIII, CIII, 144, 166,
· 111111161661116111721. 164, 166, 666, 466, 466, 446. 466
1164ουί66 681. 6116,Ι 131. Viz 141 Statky 16615116.
11161661 6116116,Ι (11116616. 116616666166, 11118 (1661106111, 1111611. 616
1661616666. 1161, 616166, presbyteri, religiosi, ·
11663166, famulatus baronis 16. spirituales persone, ·seoulares 611
Meni (11111116 66666 817, 469, na list religiose, geistlich 166116, ,11661611
11616661, 1666616166 466, 6611666, 99, 61, 66, 64, 46, 66, 146144, 161,
66666661 446. - 166,164,166,616,611, 666, 661.
1111611 (161611 680, 644, 647, 1116661161· Viz Soud duchovm'.
11161116 848, 61111411 666. Β6111661, 1161416166 ,1611116 ,111 6416611111
1161661661 661 718, 116616 ,1666111611 6. k 66111166 ,11166 XXX, XL, 373,
Domy ,1666146 381, 388, 403-408, 616, 619, 347.
11166161 111611 616611 11166616. 686, 337, 364, 661.
1116166 ves 466. Dwfflj 45· ,

 

