CXLI

1110110111 11011111 01011, jak 101111 11111(1111111111111111),111101111
1110111111111111111111101111 (1111111111) 11111 11 1101111111 01111011
11111111 1 1111111011 1111113551 Dfichody z 1111111111111111011111111
11111111 1111111 111011 1011 upraveny, 111111110111111111111111111-
11111111111111111111 11111111.

11. Cla v 11111111 1 na 110111. Ρο11111ιέ. 311111 11 1111111101]
11111111110111111111111 11 111111Νο10011111111101 1111111101, 111011
10111111 erar 11111111, 0110111 Ρ1111111111111181111111 111111 1111111
10111111, Ηο11111, 01111111115111110111111Β111111 1 11011111 1111111
11111 10111111, 51111111 1111111111111. Κ 1111100111 11111111 11111
11111111117 011011 11111Ρ1111111011111110, 1111111111 1011111111, 111111
1 nich 1111111 1 pro obce 111 ze 111011 1111101110 1 11111111 0111111111
11111111, 1 1111110110 11111011 pak 11111)1 111011)1 110111101111,
11110 1111111011111111 1101111 111111 1111101111. 110111 1011011111110
81111 111110 11111 11111011 110111, jsouc povinno most v 10111111 111111
11101111. Reskriptem 11 1116.11111111121 bylo 11111110, aby se
111111 fond 11111111, 10 11111110 by 11101111 1111110111 1111111111θῇ
11 1111111011 1111111111111111 1111110111 11111110 01111111 111111 10-
101010111 pak 1111110 10 111111010111111111111111. Κο11111, 111111
111111 11111111 byla 1111111, 11111111 1. 1733 111 1111111 11111111
11111111, 111111111111111 11111101 111110 111101111111110111011110
111111111011 rady 11111111 1111110111 proti 10111 1111111111, 1010- ’
111101, 11 cla v 11111111 1 11110111 vybtrajt se 1111111 proto, aby 11
11110 1101110 11111111, 1110111011 1111111111 0 1111111111 1111111101
111111 by‘ti 1111 111 011 01111111 111110 1101 11111111 1011101111

μ-

²⁵³) Srv. 1111111111 11111111 111111 1. 1864 1 5 41 1111111110 11111110 11111 r.
1811. Dle ξ 69 1111011111116110 1111 11011011 0111111111 11 11110111111111
111111 platy (marktgebsshren) pouze 11 111110, 11111110 jim propnjeily 1 11
11111 bud 1 111111, 111101 1 1011101111 11111111 111111 vy'lohy, 111011 maji
proto, 111111 11 (1111. 1111111111111 1111111111 11 arei 1111111111110111
11111110. - 1110110111 01111Ρ1111116 111. 1885 11111111 10 mezi pfljmy:
poplatky 11111111 1 1110113100 zl.; 1111116111111111111111111110 trhu
1011111110 1 1101111110 11550 11.;11111111111 11 1111111 10111011, 1110111111,
1111111111111111011, 1111111110111010111111, 1 11111 pod 10111111, 111111
111. 11654 11., 1111111 01 1111111111 148011.; 1111111 111111111111 1111111111
ulie od 1010111111 2484 11. 1 1111116 01 1110111111 1111111691 zl.

 

