LXXXI

. 11111111 11111111 111111 11111 111111111111 111111 1111111111 11
⁵ 1111111. Jindfieha.²⁴⁵)

Nov5 111111 11111111 1111111111 1111111111 11111111 111111-
11111 1111111111 11111 111111111111 11111111 1111 1 1111111111, 111111-
111111 'mu 11111 111111, 11111111 111111, 11111 1111111 111111 11111
111111, 11111 111111 81111. Κ111 111 11111111 1. 1461 1111111-
111111111111 111111 111111111111 11111111111, 1111111111, 1111111
1111111111 11111 11111111 111111, 11111111 11111111 11111 11111111
11111111111111111111 1111111111 111111111 111111, 11111111 11111 ji-
1111111111 1111111111 1111111, 1111111111 111 11111111111111Ρ1111
11111111111111. Ν111111111ο 111111111111111181111111 111111, 11 11
11111111 11111111, 1111111 ob& 111111 111111 1 1111111111 1111111111
11111111111111111111 111111 1111111111, 1111111 111111 1111111111-

1111111 11111 11111111, 1111111111111 11111111 111111, 111111 1111111- ,

11111, 11111 pravo 1 11111 11111 1111111 1 11111111 111111 1 11-
11111146) Κ111 1111111111 1111 11111111111·.1476 111111 11111111 1111-
111111161111111, 1111111111 mu 1111 1111111111111 1111111 1111, 11
1111111111 11111111 1111 111111111111 111111 Β111111111111947) ³
¹ 1111111111111111111111111 11 1111111111111 111111 1111111 ,
,1111111 111111 1181111111 11111111 1111111 111111 1111111111 11111
1111111111, 111 mu hyla 1111111111] 1111111 1111111, 11111 1111111111
111111 1111111111 1111111111 11111111 1111 11111111 11111, 111 11111111
111111 11111111 1111 11111111. Τ111 1145411111 11 1111111111111111-
111111111 11111111 1111111, r. 1459 1111111111 1111 11111 11111111 111111
11111111 11111111 1 11111111 1111111111 1111111 11 1111111111. 1471
1111111 1111 mu 11111111 11111348) 1111111 1111 1111111111 111 111111-
mci 111111 1111111111 1111111 k 1111 1 1111111111, postoupili 1111
1111111 111111 ke 11111111 11111111 1111 1111111111, 111111111111 111
11 1111111111111111111111111 11111111111111111111, 111111 i po-
11111, 111 1111111 111111111111111111111 11 1111111111 1 k 1111111
1111 1111111111.“’1

11111

²⁴⁶) sb. 1. 111 a 151.

²⁴¹1 111. 115 a 180.

ω1 sb. 1. 150, 155, 111 a 111.

211 111141, 111111, 111, 111, 111, 1111111. ·

 

