1110. 407

01 do 10010 0011 1111011111, 11110001110110001011 11111001ιῦ01111011
1010 1011011 11100 0110111 0 0111001111 111111, 0 110110 1111001 1101100
0 011000101001 1011 0 00 100 11111011, 0110010010111001101111, 11101111
101100 1111 111011 11111010 11101101 101111 1101111101 111111 0001 1101111-
101111· 0 1001011101010111111 11111110 10 psi 10111101 1 11010010 00
1100οΒ010, 1111101110 11011000111111, 1110110111 100 0110 a (1111100001
1101110 10101101, 01101 10011 1110011011 1111111 01111011 0 1110111111,
1110111111 se 111001 001011011ιο 011011 1101101100011110, 100 1101111 10
111110 0011111011 1101111 1111111011 ku 111110 11010101111111011 (1010111011
11101001 10111101 10101111 101 0 1011000 11010, 0 1010110 10110100 summu,
111011 010110 0011 11111ον1101 00011 1111101011 1111011001101111001
0111101101011 101110 01000 110111 110110, 0 001 1011101100110111010 10011
0111111001 1101100 10 11001100 pfl 10 110101 0111101110 11100110, 11111
1011 to mezi nimi od 011011 111001 1011000 0011010οο, 1 1 01101010 11011
00 10 0111001111 bez 010001001, 110110 a 0011010110 100 1110000111
011011 111001, 0110 00011 1101100110 10111110 001101 01011011. 110101 1111-
110001010 110111 011101010001 0 1011100110 011110 ze 110011 1101111 1111·
10111110 0010110 1101111110, 01011110] 1 1011000101, 1110101 0111110, 0111110
1011011000 purgmistra a 100101111100110 01100 Νο11110 011110 Ρ101-
1111110, 0101111 1 1101101101, 11111110 011011 01 (1010010001111111011111,
1111110001 0011011 0 1010001011 11111001 1101111011 1110 0110100 10110111
a znovu 0 11011011011001011 00110001 1 psi 10101111 11010, 001 10 11011110
0111101011010010111 0111011010, 101111, (1110110001010111011101 1001101011,
1111101011 1101 11010 1101111011 00110100 001 110100 1101010 &initi 110-
110111111100 11011 010101111101110110 0000110111001111111011111. Το100
00 11110101 110101 001111111011101 111001010 11110 1111111111 11100101-
1110011. 111000 1110111 1101010 1101111101 11111011 po sv. 80101100111110
11011010111101110 1111111110 1111110111110 (101011110011111011111 0011011
1111011110 1101010111011110, 1111011111110 111100011101110 0 (1001111111 1111-
1001100110.
1011110001.
Ηο011001 1110111001ιο 1111000111 Gr. 11011101.

supremus regni 1101ιο111100 000001101101.

1111101000 1110011110οο1 111111011111010011111111011 01101010111000110 IIL d.
111011101101111111100 11191, 1. 79 1010111110 10110111. Κ10101 011111οῊ01ἀί-
00011οΙ11. potvrdili 10010 list: Perdinand II. ve Vidni 7.101·1001611“1,Μο110Το10110

 

