. 1010. ’ 455

v Kniha privilegii 1111111 1110101101] 1 00011111 XVII. 0101011011. 2⁶ 1110111111
[10010110 musea.

1 00. 110.

1579. 1111111010. 111011 11010111.

311001· 11101οῌ11, 11111110011010101111, 1011011οἱ011 011013101ὣο 0111010
1310101010 revers, 2⁹⁴3 1011 z dobre‘ 01110 0101111 do dvou 1110010111· 11110011
[10000101.

My Rudolf druhy' 0 1011 011100 101011110011 0100011011
’3001 1010110111οΙ 1110 0 1111010111, (10011, 1101101011, (1101101011010. Ι
1101, 0101111110 1101011010,1110111011οΜ0101010,11000011101008101010
1111110, 1111011011 1110111011ἰο 010, 011101111101111111110 11010111 110111, 10101
10011 [1001111 [10101111011010111010 110 1111010101 01100 8101010 1110010
11000110 Ρ101010110, 101111 11011 111111, 1011110011111011001 11011 11011111
00 1101110110 0011011111 a 110111 10111111 1011110111110111110 1111111111οὴ0
0011100110110001110110 1010 ne zpovinnosti ale 1010 1101110 0 0101011110
111010 1111011010 110111 10110 do 111011 1110010101 1101011 11011101 0001111110
1101011 0101111 0 (10101011, 1101110110 110111010100111101111 10111001 111110-
01110, 11101110 111111101100, 1110101, 1111110 1010100111 1101111110 sebe, 11011100
11000 0 0111101101 11010 ῠο01011110011101110, 10 11111 101010 jieh dobro-
101110 01010111 110101110 10 jich privilejlch, 0111101011111011, 0101011001
0 0101011111011 111110010011101111011111 011111011111101110111 ani 010110
11111 1101110 0 1101111110 111111 1 11010011101101101 0 111110, 010 11011110 jim
to 1010110111101011 1111101110010011 0 0011011001 1011011001111011 01001011
00010110110110110101011. Το11111 na 0101101111 110101 11011 11101101 1101111110
110111 01111011101111 01110 1011111011, jen} 10011111 00110110 11010111 1101-
010111 1 1101111011 11011 01010 001111011011110110 0011100110110110111010,
1101010111 11011011 11111101011011111010, 1110101010 0011111010 0130010110

101 01111010. Humprecht &eruin 111. p.
Rudolf 111. p. Ad mandatum domini electi

Jan 0101111 1101110110 imperatoris proprium

111. p. Βο11110111. p.

orig. v archivu 111. 11011110. 111. S 11101111 1101011 0101101011. 1101101100-
tvrdili: 1101101 11, 10 10111101101101010, Ferdinand 11. ve vidui 8. ‹lubna 1617,

 

