CXIX

16 66 6161 1161111111 1611111111 a (11161611 61661111611611111 6116611611

11611 61611111, prose 616116, 111166161161611 ochrany η6111611111- -·
shown& („herabgesetzten“) 6161Ρ1116111, 1116111111 16116 1166161111 ⁴

161661 111166 1111616 1111111111111111, 1161111 a 1616111111.
(1116111111, 11611111 byla 111661 1 Vidn& 1161111 ku 1161111

1111111 11111, 11111116 66111611611 29116111 1791 111111611111

116116 1111116111, 161 6611111 61111111. Μ1ς161111 6ρὲ1 116111 11611161

11161111111116111 Ν6111111 1 1161111111 1111 Ξ111111616111ο 1 Leo· ,

111111661611, aby 11611111161111111116111111161611 16 16 611616-
111611116 11611111 11111111, 1111 by se 111666 1611116 6111111111 za
61111611 11661, 16111111 66 16111116 111111, 111111 61166 1 1116111161.
116661 1611116 116611 1616111111 66 1111611116 116111, 116116 1111 1616
1161111111 1611 1116111111. Κο11166 11111 66 61111 1111616111 ’1 16111111
161611 dne 11. 111616 161611, 1111116 11111611, 1111 bylo 111116 sice
1111111111 1161111611 611611 111161111111161 37116111, 11611 11611161
1111787111 11166116111111111 1116111111616111 1111661111 1116116-
111, 111111 aby 116111 1616 byl do 1611111166116111 16111 1116111
1611111 1111661111, 11611111 616116111 Μ1116 7616616 16111111 116

111611616617471161111111 11611 11161111Ρ111611111 1161 1111116116.
, 111 1111116 66 6111611661 1611116111] 61111111, 161 6116616111 sepis
ἑ 11116 116111 1 11161611 (16111111 66 161116 6611111611 116116111161

1 116111 11111, 161111611111611111111 cenu. Magistrat v 661611 116

20. 1116111792 6111111111 66111111 1116 1111113131 111611 1611116111
11161111 1611611111, 16111161 (1.1)161111792) 61611 Leopold 11. a 61166
11116111 111 11 1616 111611111616111111 66 1161111611 61161 11111.
Teprve za 1161111166 1616 111116 116111 magistratu Ρ1116111611-
11161 11616161. 0161111111116111. 16661111 1111111 11111 25. 1111111
179211616111611161, 1161111 1161116111 1611661111111 111111 1611616
roku ku 16111111 1116611 1161111611 privilegii, 1161116111 11111611,

¹¹⁸) Kniha 1. 230111611111 1111111, 1111616111 „Privilegien 1611111111161111-
6111111111 1661111116111611111111, wie 661616 bei der 11111116 1184 61-
16111611 vereinigung 1614Ρ16161 6116116111 16161 wirkung verblieben, 6116
der privilegien-confirmation 11111111116111116611111611111 Τ116116161, 1111111111
von Bdhmen 1111616661161 1116111616, 1161616161 und zur hfichstortigen
1661661111111 611161616161 worden.“ 1661 to 61116111 magistram komise
11611161. 1791 1111116 61111 privilegii 1111611161

 

