W· 15⁹⁰.

3133333 33133 3 3311333 3313133313 313.. 3333133133 timu) 1131333
333313333333333333 mi 3133131331 3331331 3331333331 poetity'eh
purgmistra 3 1333131333 1331 obet> ,133333 331313 weho 1331313333,
3333333 333133 3311133 3133313331Ιί 3 za 13 333133 3 33311333333313
33333331 jim 33333 33113311. 33333313 3313333331. 333331333333 31333133
3331313311 3 3333. 1133313333 331 3313311313 333133. 31331313 1113131131
31331113 1331133, 33311333 3 31333 1 1331 od 111311 313313 3333333333,
pana 311313 333333 33131131333313333 3 33313· 3333311. 3131333333ς maji,
1313133333 13 333 1131 3 33133131131311313313 31331333333 pam 3133
333333 3313113131133. 1331333331 1331131333 3113131 3 333313 po 33313
Lucii 1313333313311313333 3331131133 333333331333 33133311 3113113333-
3313 3 333133. 3311331131 31333111. 33333111 31311331 3313331111 rabili.
Kjejichito 33333333133 [33133333 333333333133 133333 [33313333
333331 pro jich 3133333 333333333331331333333333131333 3333331
3313133131 133333. 3 (1333133 3333333133, 333133 1131133 3331333131. 3 333333
3333333 331133 3311133, 33331 3331333333 31333333 3333133 3 33331333
33113311. 33333313. 3333333331, 3313333 3 3333313333 3331313311 1 333333
prava„ 33333 tak 3333 od 3333 333333 mich, 3333313333
3 133313331333133, 3333 aod JMsti 313313 1133133111333 pana 3133
333333 331311333133 313333 3 33313 3333311, 3313333333311, 3311331131
3333 jim 33333311, 33333111 3 3313331111 3331331133131131333 1333113
13331 1333131313ωέ 33313333 1333333131, 33131331, 3 33331133. 13133-
331133 3 3313331133, 1333 by tuoto 3 13313 list 333 31333 od 31333 33
33333 3313, pokudz jsou jich 3313313313 3 33 33333331 3313311, 3333313133,
3333331333 3133333 3313333133, 3313113 13333 13333333, 333311 tom
od 133133333313333 31333133 jmmi, (131331 3 3333333333]ῃό 3313333331
byli bez 3331, 3333333133 331133 3331333 Cesky'ch i jinych 33333 lidi 3
3331113133 31333333. Ρ33131311333 3113333133333333313313133133 3 331- Ῑ
3133333 333133, 31333333 by 1331113313, 31333, povahy 333 333313333311 ’
byn, 33 33333 3133113 3331333131 333333 11333333 1 113133 33331 pod-
133333 333133, 3331131313331333133, 3333333 3311133, 3333313131 purgk-
3313133 3 3333313 1 3333133 3333 1133333 333313 Ρ33333333, 3331131
1 33313331, 1333313 ty, 3133333133331331313311331133313133131333 3 133-
1333333 pro jich 33333 33331333, 33333 3 3133133133 3333331 3313133331
13333 3 33331333, 3333331 1 3133113333 3 3331333133 3331331133 (13313-

¹) 3. 367.

 

