xxvl

1 1 1011100010 1010011111) a 0010001010 se, 1110011 10 0111111101
01000101 11110111101111) ’.11111 00100010 10110 1111111111 1001110, 1101011110 00
01111 1111111111 1111111111 1110101100 0 11110 00 0101100101 111110 1110011
110100101111010111 1110010 0011000111 10101011101110 0000100101 10-
00101101 010010 1101011110 00 jim 111101011 101101 011101 00 ,1000 ⁶⁴)
(1110110111 11100011 01011001 1110100 1 (10110 1011011. hled1 se 101-
1100101 0111001010 110101101011011011110101011, tu 1111011101 111110 01110-
1010 0 1001110110101 0011001 1 1111011 1101011101 1111101101 01001001-
0111101111·011011101,“)00110 1011010110110 11101111 110 111010 0 0010101011
1010011, ⁶⁶) 0100101101ιο 0110110110 0 11111110 1 101101011ᾔῆ 00101010100101
od (111101 010 1100110 1101011001ιο (1010101111 1111101110 privilegii, 0111
ΜΝὼΜώΜΜΜΜΜΜΜωΜΜΜἾΜΜΜΜ
11001001 1101101010 00 1100101101 (1001101 1011 1001110110001110110111101
11010 100000 11110111 0 0111001010 00111101 0111110 1100.”) Κο00100
0101100110 11111 00 111110, 10100100 1111101011 00110 111011 0101101101
0 0 0101011001 01110 0101101100 0011011011 110 100 111010 ipro 111111οι1
010111, 1111101010 00 11011 111110 (10111000, 1101011110 00 jim, 10 01011011
110011 0 010111 010 0010101111 od 11101111, 1111101011 00 111110 desa·
1010000010111011 01000 0 1100010101 11111011 00111110 1111011 11111001
00 101001 jich 01101111 0 1110110)

100000 1110 1100111 1101111111 110 11111011 1001101101 51010010
1000111 01001 1911100011, 0010111 1001010 00010111 00 0 0111110111 100011
1011110111 011011 11101011, 011111 0011010110010111101100011 010 111011-
1101011, 101 00 jim dle 110110 101010101101001101011, do 11010 110-
1001001101101 10001010 00 1011001011. ’1) 51010111 1110 0100110 1101101
111 1111 1110011000] 1101101 10110100 r. 1399 ²²) 010 1111101 1001101101
01101 0011010 za 010 11011. (11001 8111100011 0 10110 0101010010 010 00

001000000. &wamma
mmmmmae. 00100000οω0
10000οω0 110000οω0
10100000οηω. 0010οω00

⁸') Sb. 1. 86. ¹¹) Sb. 1. 138.

²¹) 811.Το10011 ij. m. Prahy 111. 011. 401, 111101 01101010 00 1111010 01011011 ¹
1111111 110 10 01...
,u 1100ιέ u 01001000
110011ἴὲ0011. 1118 gh. 1. 1111000 1101100 1001011 1011011111 1101110.

 

