1111. 331

1111111111 z 1111 11111 111111, 1111, 1111111, 111-
111111111111111, margkrabie Moravsky'‚ 1111111111111 1 81111111 1111111
1 11111111 margkrabie 111, k 11111 11111111 1111111 11111111, [11111111
1111111111 11111111, 11111111 (1111111111, 1 mnohy‘ch 1111111111, v privilegiich
1 1111111111 jse to 1111111111) 111111, 11111111 11111111111111111111
11111111111111, 11111111 11111111 111111 11111, 1111
1111 11111111111111111111, toho 111111 11111111111111111111 11111111
1111111111 promi} 1111111111 Μ1111 1111111 11111111 jest 1111111111111
1111111111 1111111111 1111111111 1111111111 1 vysazeno od 1111111111,
111 11111 ruoznic 1 11111111 11111 1111111111 1 1111111111 1111111 1111-
1111, 11111111 111111 1111111 hylo, 111 1111111111 1 1111111111
1111111 jse jest pomalu 1111 1111111111, 11111111 1111111111 111111
11111 111111 111111 1111111111, 111111 od nich 1111111 1 1111111111
praui 11111, 11111 11111111 1111111111, 11111111 111 k 11111, 11111111 s
111111 1111111111, pann 111111, 1111111 1 1111111111 1111111111, 1111111111
111111111111111111 111111 111111 dati 1111111111 1 11111111 1111111 da·
11111, 11111111 111111 111111 1111111 11111111 11111111 1111111111 jest
11111111 1111111111, aby 11111 1 11111 mohli a toho 111111 1111111-
111111111 11111111 111 11111111 toti} 11 1111111, 11 my 1111111 11111111
v 11111 1111111111, (111111 1 pravk¹ tuce 11111 nahy‘a 11111111 11111
jablko a pod 11111111 11111111 111, 11 1111 1111111111 1111111 11111111
111111 1111111 11111111111111, 1111111 1111111 1111111111 1111, 1 1111111111
1111111. pod 1111111 1111, 11111111 1111111 1 11111 tomto 1111 1 11111111
1111111111 11111111 1111, 11111111 1111111 1111111 1111111111 1111111
11111111111111111 111111 Ρ1111111 11 111111 11111111 basy, J‘ako ji'nl
11111111 111111111111111111111, 111111 1111111111111 1111111111 11111111
11111111 1111111111 1111111111, 111111 1111111111111 jsli. 11111 proto
1111111, aby 11 11111 11111111 1111 11111111, 1111111 od 1111111111 11111-
1111 (11111111, 1111111111 1111111, maji, toto 11111111111111111111111 1111
1111111 1111111 1 neb 1111111111 nebylo, 11111111 1111111 jako od
1111111111 11111111, 1111111 1111111111 1111111111 bez 1111, 1111111111
11111 111111 111111 111111 11111111111111111111111; 1111-
zujieee 11111 1111111111 111111, 11111111 11111111, 1111111111ἰί 11111,
1111 1 1111111, 1111111 1111111111 1111111 1 1111111111, 1111111111111111
11111 111111 111111, 1111111111 11111 1111 11111, pfl 1111 111111 1 obda-
1111111 1111111 111111, 1111111 1 111111111111111 1111111111 pod 111111111111

 

