. ¹ CXXVII

11111111 11111 1111111111,1111129.111111111111111111 11111 11111
1111111111111111;11111111111 11111111111111 111111111111111111111-
11111 11 1 1111 11111 ³²⁶)

11111 1111 1111111111111111111 111111 111111111111 vymohla
11111111 111111111 11111111 111111111111Ρ111111111,11111·11111 11 1111-
111111111 1111111 11 dne 8. 111111 1848, 1111111111111111, 11 ,11111-
111111 1111111 1111 11111111111111111 111111 1111111111111111111
11111111 1111111111 111 11 1111111111( 111 111111 111111111111111 111
1111111 11111 11111111. 8111111111 1111 1111111111 1111 111111 1111111111
111111111111111 11111111 11111111 111111 11111111. Ρ1111 11111
11111 1111111111 11111 ,111111111111111111111111111,“ 111111111 1111-
1111111111.”’) Ρ1111111111111 111111111111111 111125. (11111 1848
. 11111111 11111 1 1. 57, 11 111111 1111111 maji 111111111111 tim 1111-

1111111111 11111111 111111 1111 1 1111 11111 111111 1111111111 11-
11111111.

Pokud 11111111 11111111111111 111111, 111111111 1111111111 11-
1111111111 111111 111111 11 1111111 1111111111. Ρ111111 magistratu
1111111111 11111111 1111111 11 1 Ρ1111 1111111 1111111111111111111 11-
1111 111 1111111111 11111111 1 11111111 111111111111, 11111111
v 1111111 111111 1111, 11111111111111111,1,11111 11111111“ 1111111111,
11111 11 11111 bud' 11111111111111111111 11111111 1111111111111-
valo, 111 11111111 11111ς 1 111111 1111111111 1111111111 1111111111111
11111 1111111111 1 111111 1111111 1111111111 111111111111111 111111.

111111 1111111111 1111111111111 11111111 Felixe 111111111111111,
111111111 1111111111 111127.1111111111 1848 11 111111 11111111 111111,
11 1111111111 11111111 11111111111 111111111111111 1111111 111111, 1111-

111111 11111 1111111 11 11111111 11111111. (Provinzialgesetzsammlung 1111 das
K. Bfihmen 1848111100.)

⁸²⁸) Ρ111111, 1111111111 111111 1111111111 111111111111 111111111111Ρ11111111
111, 111 1111111, dr. Antonin 81111111, 111111 11111111111111111111111111 111-
11111 1111111111 11111111111111 1111111 arada 111111111; 11111111 11111 111111
111111 nili 11111 11111111 11111 1111111111 111111, 11111111; 1111181111111,
1111111111 1111111111 1111111111, 11111111 1111111; 8111111111 1111111111
111; 1111’11111111,1111111; 111111 1Η1111,111111111; Ρ111 811111, 111111111;
1111111 11111, 111111; JUDr. 111 111111111; 1111111111 111111, 11111111 1 Jan
1111111, 11111111.

³²¹) 1111111111111111111111111111111111 1111111111 1848 111. 108.

 

