LXIX

111111111111111111111 111111 miste, 1111111111 11111111 11111111111111,
1111111111 1111111111 11111111111111111), r. 1511 1111111111 11111 11111
1111111111 1111111111 11111111 odoumrt1²¹⁴)‚ 1. 1588 11111111111111111111
stim 1111111111 1111111 1111111 111111 1111111111ω111. 1111111111111111,
1111111111 na 1111111 11111111 1111111 11111111 111111 11111, 1111111111 11111
east 11111111, 1111 111111 11111111111111 11 11111111Ρ1111111111111111ο.’“) Malo·
11111111 11111111 111 prava 1111111 11111, 111111 1 1111111111 1111
1111, 1111111111 111111. 150311111111 1111111 1111111, 1111111111 by 1111111
11111111 ryby mohli 111111111; 1111111111 1111 1111111111 11111111 111-
111111111111111111 11111111 111111 byli 11111111 11111111111111111
11111 111111 111111 1111111 11111111 1111111111 111) 1. 111111 111111111-
mfflfflW
Ve 11111 111111111111 11111111 1111111 1111111Ρ1111111 111111. Ferdi-
nand II. 11111111 mu sice 1111111111 11 dne 13. 11111111 1628 11111
mwwfflmfflwfflwwhmffimmmwffimmmm
111111 1111 11 1111111 11111111, 11111111 11111111 111111 1 1111111111
1111111111 1111111 11 do rukou 1111111111 1 1111111111 1 111111 sou
111111 1111111111, 1111 11 1111111111 1111111 11111 1111111 1111111111, 111111
1111111111111 11111111 1 111111 11111111 1111111111111.1”1 8111111111

²¹³) sb. 1. zea-265 1 str. 111.

²¹⁴) Sb. 111. 570. Toho 111111111111111111111111111, 1111 jim povoleno bylo 1111-’
111111 1111111 1111111111 11111111 11 bez 111111 do 11111 1111111111, 1111 jim
1111111111 1111111111] 1111111111 1111111111 aneb 11111 11111111 11111111
kostelu sv. 1111111111, 1111111111 111111 plat 1111111111 11111 8111111111,
11111 1111111 1111111111 11 111111 Η1111111111 11111111 111111111111 1111111111
1111111111 1111111116, 111111 na 111111 1111111111 1111111 11111111 „privilejtch
1111111111111111 1111116111 11111111 111111 111111, 1111111111 11111, 1111111111 111
11111111 11111111 111111 1111111111 1 111 1 vina 1111111111 1 jin& 11111 11111111
11111; 111111 1111111 11111111 1111111111. (111111. 11111. 1111111.1111.Ρ.-106
1111111.Ρ 8.)

¹¹⁸) 811. pozn. 110 na str. XXXVI.

ιι1) sb. 1. 111.

²¹¹) Sb. 1. 1801311. - 811. 111 pozn. 148.

²¹⁸) Β1111Β111111111111111111 1110119111, 11111 11 111111, 11Μ1111111111 11111111
11111111 8111111111 domu 1111111111 11111 11111111 Η11111ο11111, 111111111111111111
a 1111111 11111111.

21‘) Srv. J. Schottky Prag. Π. 111. 35.

 

