1358. 111

0011, ti maji od 1010 100, 110001 00101 000000011, 0010000010 101
00101 01111001 10000ος 0 001 00010105) miti a 11101011 11101000,
111 101101010001 0 neb ta 1000, 1001101 dati i 10100010 000100111ιο
0000, 100οω 00000, s 0000 vinice pffl 0000 vma na 0000

[01110011 0 101110101οθ 001 1011111101000110011110 0 osmi 0011110

0 01111) 0 10110 001101 osmi 1010101111. 1011010000, 010 010010
010100, 110011 00 10101110 00011 0001 110011 1 0101000101 111001
000000010100, 0000110 0 0000011 10001 1 01001 010001 0111100101
01100 00001001010 0 00010100. Το11 1010 01101100, 0101001011 ’
10111108) 000010 101010 100101110 00 000010 1 00 000101101000101
1001001 100110 101011 0 0011 10001 1011000100 000111 10110001 0 001
10111001101010 0011011 1010, 0000010100 0001111 10000 0001111. 1011
110 010100ιο 1001000 1010000 0001010, 0011001 0 00100, 010 0110100

0 nich 000101110111 00 100 0οἰ 00001, 00110 00100010. Ρο11110 00
01101110, 101 1101 101, 0000000001 000000000, 1010 0101000 (10 ’
0010 010100 0 001 00 0010 0011101 0101100 0011 0 0111000011010
011011, 10110 00 0101 001 00 0101 ¹⁰), 0011101 001 00 000101, 01110
00100 100111), 10110 00010 (11110101 0 001 110000 1011011 010001
01010000, 11011010 00 100 011011 0 0 tom 00011100 101, 100 0001000000
0100000011, 01 000001011-11 01 1000011 1000001, 0 0010 0100 010101 ,
0100 000000101ιο 01100(100011; 0 1101 10 00100001 010111 0 0 1000
101 0010000 001 0000100, 100 0001 10110 0010000011 0 0101010010

na 0000010100 0001 0110011. Ρ11101110-11 10 00 001, 10 10101000
0101100011), 00100 0 0010 0101 0100, 11011110 1101111, 011 10100100
110000100111 101, 10110 100, 110110 000 00111, 0001010010 000000011,
101100101110, 110011 00 11101 00111110 1110 0010111101. Ρο11110
100, 1101 0001 01010 0110111), 01011, 10110 0101001101101011 0011110
00011110 00100 po 01001101, 10110 001 0010000 1011110 00110 00100
1100110 001010 Ρο0101110. Ρο11110 10 00000 0111, 10110 sam 11011
0110011 0000 000100 1010 0000100000111’“’); 0011110 (1010001 00110001ιο

101 01000100, 10110 0001100110 0000011 0 010101 0010 00 0000010100
000100, 100001 01010 000101 1010117), jestli 1010 0011000 1010000
11010 011011, 00101 000010 00100 010010 0 tom 1010101 0000100
00010 1010 001 i 01011, 101000 010 0110 101 00110 0 0101 nami
0001 0101 110, 100001 1001010 0ιο 10 001001100001111, 010 0011010- ’
0100 1010 0 0111000010, 10 1010010ιο 10111010 101001 00000 1000000110,

 

