' 114

0333313] 113113 626, 626. 1. 11331314, 11303, 31313 1311111
033134313110100. ⁸ Viz Stav vyfifii.
Oprava 1. qu8c1', 11413 3341336431. 0333 460.
- mesta 343, 313, 334, 413, 434, 333, ostam, 31343 333.
668, 671, 313343Ρ1313116113 402, 401, 0343336 6331111131111411 613.
480, silnic kolem 130343 CXLII, 160, 0163341313· 1. 811311.
160, 402, 481, 611, 3431331 3113331311 031333, 136343, 8131331310 60.
608, 604, 616,111131)133 3134311101 0341333 11313114 XXXII, XXXVII
181, 313. 431, 333, 6311113111 6111,
0311433334, 1304431314 041. 4411133111, Κ31333, 3341 mosten
013113 133113 3103431431 600, 614, 660. 311131 060, 401, 063, 3 131133
03193333,31143384313311343111240. 1113116113 LXV3 pod 11136313
031333301133331131131131410. 311113 071, 8413133113 und 11
01114, celui stanice 136,186,100, 140. LXXII, CIV, CXXXVII, 401,
343133 3133311, 3361313311 133, 133, 411, 333, 13413313 v. 0333
106. 1113111.
01143· 631. 0341311 31341 1131131113 401, 60οι
0313333 z Paumberka 133, 3311331341 11313111 0111, Mal& 8334411
111111. 3113333311 311, 63313311
014313 1. 1141331, 1113311111. 608, 731111 88831'e114 1133411
33313 v 3333 1111, 1111, 111111, 1111, 133313 331.
XLIV, LXXV, 31. 113113. 720, 701, 03413113 1111130 CIV, 669, 11311
31. 1333106313 3341 Ρ34113331,1113- 13116311 468.
datio 1. 1113333313 sancti 1333313311 Ostroveky' 1. 7311311333.
Vivarium, 33111114 zu 84. 1311143313 un· 0341333143 11141431 1. 11141431.
431 dem 4613133033 LXVII, LXVIII, 03413134 LVII.
LXXI, CLI, 88, 101, 466, 626, 627, 0343303431, 3313311343133 07.
363, 333-333, 333; 1136113113 333, 03343334 111313 0131311313 333,
31. 111113 1 84Μ. 589, 3631301411 0341111331,8411,,331313 46, 100, 103.
Praze 1. 1111331, Ty'nsk8, 11334313 03411133141313111131133313 46, 41,
33331 Μ3113 31311 Ty'nem LXVIII; 0333633301 1133101311313411131313
31111311 3113146313 468, 460, 211131- 046-063, 311 hiemen 3111113111
313 1331113111. 1313331113313. 1111111; 311341 2 3313 133.
033031113343111 336 3411311, parochiani, 808, 020, 661.
dioecesiani, vieini 264, 012, 639, 701, 0313633331 od 11141431 cla: 1031
011313 311333 3311 1341134131 LXVII, XXIV, LV, CXVI, 63, 64, 010.
33131, 113, 431. 103313 331333, 331, 111, 343, 113, v 1131134331
, 3313341 v. 113331. 1333133134;1113111133131
0333331 gruntu 302,11311 1. Ζ3111411431. LI, CLIII, 36, 94, 06, 117, 120-
41333333343431313333413133103313 131, 331, 331, 334, 333, 333
446. 1114131283.
0334111113 311116 3113331011313 08, 0313631331311 61411431 1134133111.
107,128,1136346Ρ131311631012. 111111, 311 11111331 333 1363144
043633431311133011. Obory 1114131310, od placem 1
03363 (1113113131 426ζ11131331136 31, 96, 34, 47, 60, 66, 80, 188. 108,
330111411313111 v. 8133114113νέ, ob· 116, 104, 166, 176, 184186.
31136431, 33311334 411, 434, 13631 133, 113, 333, 333, 333, 331, 1

 

