CLV

11001. 1610 (1 11010111 10110 1101110 1101111) 0 11011011,111010 1101001
1. 1619 11110 11000011010, 001111 1100 111000 1101011011 1011001 10100001.
1111001001111 101110 10100001 11110001 1010110101 1101101 do 10111101]
0101011, 00 001 001001 0010 01011000 0101110101 000110 1010010331)

Μο100101101010110 110010 10110 10010000 0010101000 1001101011 00
100 01 10 01010 11111001( 1 00111010011011110 1101010111111111111001
1011111101 10110 111110. 11011011 10011 1111110110 0010111011 111 111001
1101011011 1 10, 101 1. 1011 11110 1100010, 10101101 k 101100001 111010.
130 110111, 111010101111100111Π. 1. 1649 Νο00100 0011101000Ρο)
10110 0001, 10110111 11011000 10 10110110 1100101101 11011011] 00111-
11111110, 00 0010 1 0111111011 100110101ος 10 36 11010 1. 1651 Mal&
10010 101111001011391) 10110 10101100, 011011 111111011111100101111100
101101 10101 0011101001011 1011010000 001010 00 1101 1 010111101 0111100
11111101110911 Privilegia 1001110 10001 11110 10100000 0 010101000 01

§—

jeho 001000101110111 00 1111010 r. 1007 11101111, 001101 11 1110001000110110
0101011101 0011110 11001111 11100000. - Ζ 110111 1. 1047 01010100 01001100·
1100001011 1001101011 00 10001111 1 011110010011 01 00 010 1101101 010010
110110 IV. z r. 1008 00 11010 1101010 (81100600810 001 01100 dle 110110
1 1101001001 0101011111010. ’

⁸⁸³) V 100110 1010100001 0111111010 1001110000 1011101118101011001011101111.1617
10010001 01010 0 sice 10. -V 01011111 1000101101] 011010 00 10010 101100 10-
1Ιο101 0010011 1111110111010010101011 110111, 101 1 00111001 0000001000-
10110 010010 dne ,1001100001711010 101101 01001011110011001Ρο11Ρ10111
0 101011100011010110000 11110000001110 1101111111, 1111110100 01 k 101011101-
100110 11. J. Bernarda‚ seniorem syndicum, 011001010110101110110110110, 0011-
001101100 seniorem. Sepis 100 01101101 0011οε ,10100101 00 10111 1101110 10·
10100 1101001011 0010101001100011011“ 0 0011111001 0 1001000101 0101010010,
101001 00 01011101] 1101001010 1100. 1110 0011011010 01101011 00 1011111101ῐο
0111110011 0111110110 z l. 1093-1624 <Sb. 0. 1111101100 0 300) 1 1010100
truhle3 010011 11000. 0101110111111001. 18001100 11011 0000001.

⁸⁹⁰} Sb. 0330.

’11 sb. 0. 000.

’9210110331-10001 110111 11. 1012010070011110 1111100 1000001110·
legia z r. 1008 0 1611 11011 0010 100101 1010011100 1000010110 1101110110.
0011011111,11101100 101 po 01011011 1100000111101100110111011 0110001, 10100-
mena} 10 01011 01100 Prag 11. 00 011. 267, 10 1000 0100010110 1101111. 1648
10001111 110011100οῑ1 100010 Η1011000 byly rozneseny 0 0101011. Το1110 11011
0010 (10110111 k 1010 0111100 (1000101011, 1101101110 00 0101111011 c. 10101010·

 

