XVII

0110101011 1001οο01101 0110110110 0 1011101010 do svy'ch 00101, 10111
1101110100, 10 11011 00100 mame 1101100 000111 11010100 1010010,
11001 1111111010] 0011010 11001 0 010101 00011 0 00101010011000110110
110011 10 1110101011 00011001] 0101110 00 111111 00101110111Ρ10101010.
ouda 1010 byla 0111001100 0 0110000100 prava 0001010110 0 101111-
0000 0110110101 1110111100 0 00011100, 11011111 0100011010 0 100101·-
011011 0001100010010, 11011 (110 prava 0101001010 0011100011 100011,
1111111101010 1111000, 01101 1110101 Ι. 1100111001 1100110 000111 10
0011011 0110111011 1001010110 1101111001 100101, 1101000111, 10101111 (10-
10001100011111 (110101000111 110101010110, 110 by 10 0110101011, 10 proti
nim 101110 000100 0001101 0110010110101011, 10 0001100 bez 11011111
0010101011001 00011 010 10011 0010100001 00101011 0110110010 (11101
0 1100100 00001101. 11010 tyto vy'sady‚ 101 0101 mohou se za 11101
1010111 0110101110 prava na 1111110010 1010101011, 01111011 1111001
1101111 dle 110110 brzo po nastoupem 1111011010101. 00 1110 011011
0010100110 8101010 011010, 001101 011011 00 11101101 110101011 pouzo¹
Ι 00001001 neb 100010101 1 1011110111Ρ10101001 0 0 011011 Ρ10101001
0011110 00 10111 0011010. Ρο 00101001 51010110 101010 1011011110 01101110
01111100101010101Π. 1011101. 1274 00100 pouze Ν1010001 Ρ101010111,
0000111010 00 001 0101000 0 tom, 101100011110 11001101 10111001 51010·
01101010 111 1101111 00111 0 syn 1010 110101 11. 11100 110100001111111.
1110100011 ty 0001111101110010, 10 ipo 00101001 81010101010101101-
01110Ὶ 101101 00 0011010 101 1100010 00011 01010010 0 01. Petra 00
101111 0110010111, Ν10101Ρ101111 11101111 0011 (10111 10111 (10110 11001100
0101001010οί 10010 01101 0 00101110 1 11001101 0101111; 0110111010
01110101 0010100010, 10110011 010010, 101 1110 10101001 0101110001
1111, 00 01111001 1101010 1100110οι 110111 01101010 01100110001101011

se 01011.
1111101100100-11 111110 k jich obsahu‚ 0110111100, 10 0010001001
1101111101. 1274 1111101 (111010 00010101101000 011000101 01000101
’ 0000110100 81011100 001010 1 1010 110111, jak 001010 0110110 00 00110111
10110 0110101 11111111, 1 011011 00011010011 00 0000100010. 100101 01.
Petra 00 101111 0111001101101011 mimo 0100110 01010100 0 001000100
nen 100 110100 11110101111 0 10110000 1110110ος 01110110 10100010
11011110 0101001010 00111110 00 110ος 00 1111151010101010101110001011
000 0001101 0001100011 1101111010010110 sice i 11111101 1111011001]

1)

 

