¹2
ἑ
,ι ‚
· 7001

0000. ., 300 ·

. 1 001010 01000 80000100 000000 1001010100 00 000010 00010 0001000000
0 00101000, 10000001 0001 jich pohnali byli 0 100001 jsli vedli 01001 “
1001000 1Μο01,000000 svy‘m i jich 001100οἰ0000, 0000000111 js1'1 0 0100010
1100000 000000 0 1000100 000001000110000010 010010 0000010001. 10000
001 0000001000, radda i 000010 01000 80000100 000000 Ρο01010100 (lle
01010001000010001001000100010, 110001 mezi nimi 01001000 0100011 stati
mohlo, 0001111 0001 00 0100, 0000010000, 1000010010οΙ 01001 Μο0010100

’000000 Ρο00010100, 1 0100000 1100000 00010010 001010000010 0 00000 1100- ,

0000100 0000000οί010 jich 00011Μ1000010 jim 01010110100100 00010101
00 (100 0001011 1001010100 1000000010 00100101001010, 001 jim 0010011001,
0001011 000000 011 10101000 00000000 jich za ty 0100 0001011 00100010
01100000, 01000 00010 jim 00011000 0000000 Μ1000010010 0101010100
· 0100000 0 0100000 bylo bez 0000000001 0 0010 01010110 0001010000
1000101010. 1100000 001 00 11011 00 11000010 jich 8000000010010 0 00-
01000010 jich 1101000000010010 010 00 000000 0100000, 0010010 001 Μο10-
00000001 00 jiny'ch 00 000010 00010010, 100111 lidi 00 11100010 0 010 000
000001 maji, bud1'1 00001 00100 0100100001 000110 000001 000010, 00 001 Sta·
00000001 000001 10100 00 0010 0001000001 1000 001000000οἰ 0100011. 10010
00 001 1101000000001 00 100000, 100000 jest od 10000 011 domu 8001000
001800000000010010, 000 0001 00010100 0 000 001000000000010 0000010001,
000100001111100 00 010 00100001 maji, 000 001 8000000001000100 00
00100000 0110001 1000 00010100 100100 0 0101001 (1001001000 1010000
8000100000, 00100100 od 0000010000 hylo, 1000 1101οΜ0100000001001000οο00
0001110100, 01010110 0 0011010010 0101010100 10001 maji 0000 1000101010
0 00000. Toto 0010 0000000100 0001000οο jest a 0000100000, jedno aby
001 Μο1000000001 00 1010010010 11010 800000000010010 (111001000100110001
000 00 000100000 0 000000 000100 000101 00010 000101 0001011, 1000010010
0001000100 10101000 0 000000, 0 (100100 10100 001 0000001000, 1000010
1 000010 01000 Μο0010100 000000 1000010100 01010000001000000 0 0001101
11οο0100 000000 1100010100 0 010010 000001 1100001 00010 00100010 00000
00 000000 0100001000 0 0000100εο 0001 ao 0010010 000 (1100010 00100101

00001001 1000101, 0100 011 01010 0001000001 10011, 10 001 0000001000, radda ·

101000 81000100 000000 1000010100, 1010100 jich 0100010 0 tom 00 00
00 1 0100011001010001 maji. 1100100νο0100, 001 00 0000 0100 00 0000000
000 10001 0 01001 0100000 100000100010 00000010 00000 000000 000001
00000 jich 00110100000010 00001 100011 adali 1001 0110001οἰ [1000000100

 

