XXXVI

sky'ch 1111111111111111111111 1111 11111 111111 11111111 11111 1111-
11111111. ¹⁰⁸) ,
11. 1111111111111111,1111 1 11111111111111 1111 1111111111 11111 11

, 1111111111111111111111111,111111 ,1111111 111111 11 8111·1111111111“ 111-

11111111 1111111. Tim vinohrady 1111111 Ρ11111 1111111111 111111111
1111 11111111 1111111111 1 1111111 1111111 1111111 111111111111181111·
1111111111. Na 111111111ιὲ1 1111111111 11111 11111 11, 11 1 1111111
11111111 11111111111111111 111111 1111111 11 1111 k 11111 8111111111
a 1111 111111 k 1111111 1111111111 111111111101

10. Obec 1111111111 1111 11 111111 11111111 111111, 111111111111-
11111, 111111111111111111111111 11111, 1111 11111 1111111111111 1 1111111
111 11111 1 dle 111111 1 1111111111 1111111 11 j1 1111111111, nebyly 11-
1111111, 111111 1 11 111111 111111 1111111 11111, 111 111111111 1111111,
11 1111111 1111111111 1 11111111 1111111111 1111111 111 1111111111 k 11-
11111111 1111111111. Ζ111 se, 11 1111111111 11111111111111111111111
11 11111111111111111 1111111111 1111111 1111111111. Ν1111111111111-
1111111 111 privilegia obci na 1111111111, 111111111111111111111-
11111111, 11 1111111 111111 1 Ρ11111111 1 111111111111111111111 1111111111
1111111111 81111111111111111 1111111111111111, 1111111111 1111111111 Ρ111-
1111111 1 1111 1 11111111, 11111 1 11 11111111 1111111 11 111111, 11
11111 1111111 1 1111111111 111111 11111111 111111 1111111 1111111111
v 1111 111111111111, 1111111 111111 1111111111 1111111, 111111 mezi
Stary'm 11111111 1 1111111 1111111111 111111 Ρ1111111111 1111111111111
1111111111ῃί 11111111 11111, 11 11. 11111111 1111111, 1111111111, bran
11 11111111.

11. 11111111 1111111 11111111 1111111 111111111111111111111111
11111 8111111111111. &etna jejl statky 11111111 11111111 1111111-
11111111 1 11111111 1111111111 1 1111111111111 privilegia 111111
111111 IV. 1 r. 1366 11111111 j( i 11111 11111111 1111 1111111111 111111
1111111111. Pravo 1111111 soh& 11 111111 11111111 11111 11 11111111
11111111. 1111111 1111111111 obeo v 1111111 1111111 1111111 1111111111),

ᾖ

¹⁰⁸) sb. 111. 108.

¹⁰⁹) Sb. 111. 408.

¹¹⁰) Tak konfiskova'ny sou obci 11111 111111111* 11111118111111 111111 a 11 Male}
111111811111111(11.1-1101ΗΙ-11). 11111111 1111111111 11118111111111111
115611811216) a ,111111 1111111111 111111 1111111111 1 111111 111111, 1111111

 

