111 1111.

1111111 a 111111 by se 1111 11111 1 1111111111 1111111111 111111 1 1111111
1111111111 111111 nebo 111 11111111 11111 1111111 111111 11111 1111111111 ryby
1111 1111111 111111 1111111111111 1111111111 11111 1 11111111, 111111
[111111 81111111 111111 Ρ111111111, 111111111111111111,111111 11111
111111 1111111111 1111111111 11111 1111111111 11 11111111111111
1 misto 1111111111 1111 1111111111 11111111 11111111 1111, 1111111111
1111111 ado 11111, 1111111111111111111 1111111111. 11111111 1111 111
1111111111 11111 1111111111111111111111 1111 1111 11111 1111 1111111 11111
11111111, 1 1111111111 11111111 11111 11 11111111 111111, 1 to 11111
1111 11111111111111 11111 1111111111 111111111111111111 1111) 111111-
1111111 11111 1111111111 (11111111 111 1111 1111111111 11111111 111111, 111
111111 1111111111 11111111111111111 1111 1111111111 1111111111. Za
dmhe', 11111111 11111 111111111111Ρ1111111111 8111111 1111111 Prai-
111111 1 111111 111111111111111111111111 1 111111111111161111111 111
11 11111 111 11111111111111111111111 i 11111111 1111111111 111 11111-
11111111111111111111 1111111111 11111 11 11111111111111111, 1 1111111
1111 111111 privilegia 1 11111111 11 1111111111 1111111111111111, 11111111
1111 11111 jak od 111111 1111111111 1111 1 111 111111 111111 1111111111

1111111 11111, de meliori 11111 11111111 1111111111 1 11 1111 1111,

11111111 111111 111 1111111111 111 1111111111 111111111111 1 1111 to
11111, 1111 by se 11111111 1111111111 111111 8111111 11111111’1·11111111,.
1111111 111) 11111111, 1 11111111 1111111 1111111111 1 111111111111111
1111 1 1111111111 111111111 111111, 111111 11111 1111111111 1111 1111111111
1111111111 Ρ1111111 11 11 111 1111111111, 1111111111, 11111111111111
1Μ1111111111, 11111 majestatem 1111111111111111, abydo mest 1111-
111111 od sblrky 11111 11 (1181111111 111111, 1111111111 111 11111111
Ρ1111111111111111111 11111111111111111111 11111 11111111, 1111111111.
1111, (1111111, 111111 tom 11111 11111111111111111, 111111111111111
po 1111111 11111 1111111 11111111111111 1111111111· 1111 1111111111111
1111111111, 11111111111111111, 1111111111 1111 (111 111111 1111111111
1111111111 11111111111 1111 1111118111111 1111111 Ρ111111111, 1111111
111 badonai, 1111111111111111111111111 11111111111111, 11111 by kde
11111111 vina od 11111111 1111 1111111111 1 1111111 hyla, a 1111111 11
1111 111111 111111 1111111111 11111, 1111111111 11111111 1111111111
1 11111111111; 111 11111 11111111, 1111111 1111 1111 1111111 1111111111
1111111111 letech 11111111 11111 (11111 1111111 111 bene placitum 11-

 

