LXXIX

1111 81111111111111, 11111 tam 11 do r. 1436 1111111111 11111 1110
1111111 111111 11111111 1111111111 11111111 11111111111.14 ¹)

Teprv 1111181111111 0110111 1111 111111111111 1111 1111011111111.

1111111 1Β111 jednalo 0 11111111111111111, 11 11010ωὲ1111 ,11
11111101 111111 111111* 1111111111, 1111111111 odjaty 11111111111
1 ,11111 1111111111, 11111111 111111, 111 1 tom 11111111Ι 1111111.
1111111111 1111111111 011111 11111111 1111111111 1435111111 111111,
11 1111 11111, 11 (101111111111111, 11101 1111111111 11111111111 1 po
11111111 11111 1110111 111111 1436 11111 11Ν11111 111111, 111111
11 11111111 1111111111111 1. 11111 1436 111111 1101111111111111-
1111111 p0d 111111 bullou 111111111111011, 111 11011111 111111
11111111 1111111 Κ1111 IV. 1111111 IV. a 0 11111 prvopisy bylo pfi§lo.²⁴²)
5111111111ὲῦ 1111111 11 11111, 1111111111 11111111 111Ν111111110
1111110 1111111111110111111 11111111; 1111111111101011111111 1111-
101111 1111111 1111111, 11111111111111111 1111111 1111111011 Β11-
1011, 1111 111111111111 111111 111 111111 mezi 111111 1111111 1 11111111
'feei do 11111, 1 1111 1111111111111111111111111111111Κ11111 .
Slik 111111 1111111 1111111111 111111111111111111111, 11 11111 dal
Novometsky'm za 11111 1 1111111111 1111111 ty listy obnoviti.²⁴³)

Brzo 1111 1111111111)1 1011 11111111111011111111111. 81110-

11111111 1011111 11111111 111111 111101111111111, 111111 11111111 1111
1111111 1111111, 1111111 111 111111111111111 111111 1101111111 opa-
11111, 11 1111 1111111111 11111 1111111111 1111011111 „k 1111111111
111111, 1111111111 11111 1111111111α 1111, 111111111111111 11111

11111111 Κ111111 11101 111111 111111 1 1111 1111111111 1111111111 1111111
11110111, 11 11111 1 11 &dy 111011111110111111111111110 1111111111
11111111, 1 1111111111 1111111111 11111 1111111111111 111111111111111, neb
111 1111111111111111111 1101110 111111 proti 11111 81111111111111, 111111
1111 tehdy 1111111, 1111111111 111111111, 1110110 11111, 1111111111, 1111111,
prachu 1111111111, 1111111 1 111111 1111 111011 111111111111111111110111-
jeli.“ 811111 (1111111 (1111111 1836 111. 311 1311.

²⁴¹) 81111111 u. m. IV. str. 637.

ἐ 2⁴²) Sb. 1. 111, 1111111111. 111. 11111111 111. 1111111111 1111.

, ²⁸³) Scriptores 111111111111. 111. str. 103, 11111111 11111. 1836 111. 311 aTomek
1111. 11111111 VI str. 6.

 

