CIII

1001113010 0013001030, 10111 0311010 1131111301. Kdyby 00111113 11001113
1010111000 31101011, 111010 11101031101111 3111011111 110111 3011110οἰ10011,
301113 musilo 101 1103111 na 10001113 0111111, 0111101111 0 1101101111 0101113
0 3101100 1110101001 11111010, 10 110111 31101110, 30110 1133011011 3011101111οἰ
101110 00 013111 31101111003101101111, - 111131 00 1101110103 11011 00 den
111011- 0101011101 1001011111 00 0311011100 1111110111, 30110113 0101113
0110110113 01100111 1100 13110013, 111131 00 311011031111031 neb 31100031.
00101110, 01100 8101010010111 111110 3101011111110110110, 01111111 00101111
0101113 3031 8110111100, Β1111111, 2011111110110113 0 Dolnl Chabry sou
03030113, 1311011Ιο 001101. 1003 10 01001110030100011110300101, 10
3010111 10 001010 „per modum fideicommissi“ 10101110 1003 01101 10-
01011110 0 1101111110 111011 0 3101103130110113111011. Ρ1011111111030 1101101110
103101111810101110010113 131011 1 111111 011οο111011 1 r. 1771 1130100011οο-
1101101011111110 10030101013011, 111011 0000011011 31011 3111001111 0 010-
1111011011οο 11001 0 1101110111 3111311111 0 13110111 11013 0111011011 0 0311011131 “
11010113 01100111 1011111 1011 (101110, 30110 113 30001101110111111111011000 ·
0310101010. 1 101101, 0113 00 310110011οΙ3 01101 3031 101101110011, 1 nicht
0101101110 1001 111 0101310100113 001013101010, 0 0113 0311110 01011101
11101011101100111011 110013111οΙ0 00 bez 311ίό1113 01100111 0111111011001
10030001010.”*)

01131011011011101101100100011, 10 00 01011110 0101010 0 31101011οη111
03101 10 11110111 1100101011] 0 00 0303011111 111001Ρ1010113011 13011111 obeo,
010 na 11030113 000 3110010110 00 0110111031 101011011110113111101013110110111
0000111011 100111, 010 10 31010111 1111010110 0 10111010 1033011011110301
1001113 11313 31101100 01101 3010011003395)

²⁹⁴) Listina 1. 101 1 arch. 111. Ρ10113.

²⁹⁵) Do 1. 1781 11313 0113100101331000113 011010 11001103 011303, 31113 0 1103711113
0010111, 101110 dle 11011113 1. 1108 1 archiva 1111010 Ρ10113 0111111001 101111 111011
181 0110100110113 3101013011 11113110 811811. 10 111, Ζ 0010111011 110111011-
10011 1101131111 do 10 110113 10 10103111 (110111οε 1.(10111101711111010110101
001100 1110100113 1011010110 0011010 111013011Βο1101011 101101 10 1011031111 001111
100 11. 0 10 101111 011111 1811.; 4. 0131110 1710 11130101101101 00113 001100

0110011110. 170111 13011113 (01101101) 10 1111111011 0311010100 0 311011 Ηο1111013111
1111311111 0 (1101110 1101101111 0011013, 3111101011, 1100300011 0 31111011 0113111111 1311
10 1100 11. 0 10 350 11. 100111 111110; 7. 11101110 1700 0000100110111011101180011-
gerovi 001100 1010111113 (13111311 103111) 11 111310111111013011 0 1011111011 10 1000 11.-

 

