1110. 319·

«mmo, 11 1111111 111111 Jede 111111, 11111 1 1011111 11111
must, 1 1111 11111111 111ΜΚ1111 1111111111, 1101Β11110111111111011
11 Κο1111 111111111111111 11111111; pmto 111101111111111, 11111111 1110.
Coi 111111 11110111 11111, 11 11111011 11110111, ti 10111 prava [1111111]
111101, neb 111111 1111111111 11111 111111, 11 1111111111 11111 1111111
11111, 11110 1111111111 11111 111011 1111. 1111111111 11 1111111 psam.
111111 1 1111 11 11111111 111111 11110, 11 by pak proti 1111111111111
11111 11111111, 11111 11 11111 1111111111, 111 11111 111111111111111110111
11 to 11111 a 11111111 11110 11111, 11111111 ,1110 111111111 111111 11111111,
(11111110 1Ρο11111110 111111, 1111110111 datum M⁰ccc⁰ 1 1111⁰ 1111;
item list 11111Η111111Β111111111111, 1111111111 Ρ1111111110, 1111111111
1111111111 111111 11111111 11 111110 Bel& se 11111111, 11111110 111111
1111 M⁰CCC⁰XXXVII⁰ 1111; 11111 111111Κ1111 1101111111 11110 11111;
item 11111111111111211111111; item 111111 1111111111 1111111111 101011
jiny'ch 11111101 1Μ111 11 10 111111 1111111, 1111 1111110, 111111 1111111111
1101111111 1101011111, 111110, 11 tim 1111 11111110, 11 11110 1111111 111-
1111 1111111111 11110 1011110 111111111011111111 11 1111111, 111
111011111111 11111, 11111111 11 to Ι1111101111, 1111 11111011 01 leth
[11111111 111111 podle 1010 1011111111110 11111111, 1111111 pfl 1011111111
1101111111, 1 10111111, 11 hylo 1111111111 1111 1110110 1111111111 po .
01111, kdy 11111111, 1111 forman& 1111111, 111 1111111101111111111111-
1111 11111, 11111 1010 1111111 11 01111111. Κ 10111 01 111111 11011110
1111111Ρ1111111110 10111110, 11 111111 111111111 11111111111111Β1111,
111111Β111111111111 1111 1111111 11111 11001 11111. [1111111111
11111111, 11 1111 11 111011 111101, neb 101 10110 11111111 1111111,
1 hylo to od nich 1111110 11111, 11110 1111111 111111111111, byli by 11110
011 Ρ1111111 11111111, 11111 jim platni pro 1111111111111011 11111111011
1111101. Α 11111 11 10111111111111111111, 111 011Ρ1111111010111-
11111 11011111 1111111 1011011111111, 1 111111 1111111 1111111 1101101 a 11
111111 1111111 1110101111, 1111111111111110111111. 0 11110111 take
(1110 111111 1111, 11111110 1111111111011111111; 11111 10111 11111111
111110111111111111111101011111111111 11111111 11111 1111 11110 01· ’
1011111111110111111111, 1011111110, 11 111111111 1111 0 1111111111,
111 110, 1011111111 111110, 1111111, 11110111111110 hylo, 1111
11 11110 0111111111, 1111111 1111111 1010 111111111, 11101110110-
1111111, 11111110 [11] 0 1011111111111 11111111 0 1110111111111111. Ρο111

 

