1436. 999

91619 19911 9996991 n 999199 Starome'eteke'ho a 1999911119199 od-

991919ιὶ z 99119919 sny'ch.

Wir sigmund 99. 19199999 en, 999 999 119 1999999919199,
99199199, 9919911999999 199 (19999999 919199 19999, 999999 119199
9919999, 9999919199199 99199999 99199191991, wie 199 199 19991-
199111919199 19991, 99999 119199199199, 19919 1199991999, 9911999119-
miseher 99199 Behem kunig‚ 999 9991199 99991991991 9999991 191,
199 die 1999999991 inwoner der Newen 9191 99 Frage vnd 9991 geste
9191999199 99199199 end 991911 19991191 99 199 991991 99199199
199 9999991999 (19999999 919199 Ρ9999 1999119999119991191 199 recht
nemen sellen, 919 9111 19 199 991 9919 919191, 919 919 1999 des 999
991 9119 andere 9999999 91919 999999 1991991919 99 Behem biszher

getan 19199, 991 9999 999 99 die 99999999199 991 991 99199199 ,

(199 9999999 (19999999 9191 99 Frage demuticlich 9919199 hant, dez
919 19 999999 9999999199 1991999 199199 1199991999 9991999919 99199999
991 999999 991 199 191911 1999199 gegeben 99 99999999, 99191991999,
99 199191199999199999119991999 9991191191 999991199, 1999911191911999
99919 99 99919 hernach gesehriben stet 991 9199 199191; Wir Wenczlew
99. (1169191999 1191191191191999111. 1. 99 1919119 13. 199999 1409
eis. 121.) Des 19199919 engesehen 9911919 19111919 999991911991
euch der 9999999199 999 199 (19999999 919119999119199199 991 991-
11919 1919 991 19199 1999991 mit 9911919911999 mute, 991999 9919
991 9991199 9919999 (119 99919999199 99199999 991 999999 991 199
9999999191199 999999 1191991991999, 199199 1199991999 9911999 191911
19 allen 991 99119199 991999 9999199, 99111919 991 9999999999, 919
199 999 nene 99 999919 999 9999191199 9191991 19991199191, 999-
1191191 199191191, 1199991991, 99999991991999119991991, 1991911999, 19-
9991999, 99999999 991 confirmieren in den 9991991911919999991199
Behem. 1111 991991 (1199 1919119 999919911911999999 (99199191 1991991
nach Crists 991991 91999991991991991 jar 991 (1999991 im XXXVI
jere, am 99919199 999199 9991 sant Bartholomeue 199, 999999 91919 99.

Ζ 99919199 919919 81999919 9 l. 143691431 9191199116 1111191699 1199191916
919. 86 99 1191999199199999919119999111. 3911191636919119919161111191699Ρ991916.
(199191 9191191 991999 99 9 99199199 6991199116 111119161911911119916 112 nn
1. 61, 1191 19199999 „Datum 99991136, 19919199 999119911919991199999
11999919 16, Romanorum 26, Boemie 17, imperii 9999 4.“

11*

 

